H	CreationDate	Mon Apr 12 15:12:14 2010
H	Extractor	BlibToMs2
H	Library	/home/me/research/search/demo.blib
S	1	1	636.34
Z	2	1253.36
D	seq	FKNGFQTGSASK
D	modified seq	FKNGFQTGSASK
187.40	12.5
193.10	19.5
194.30	13.7
198.30	29.8
199.10	12.2
208.30	23.1
208.90	11.4
210.30	11.8
213.00	3.3
214.50	4.3
216.10	32.8
219.10	11.2
221.00	14.3
222.10	64.0
225.10	16.6
226.00	31.6
228.30	7.2
229.10	8.5
230.50	58.2
231.20	236.1
232.20	75.8
233.60	2.4
234.20	51.4
235.10	5.6
236.30	30.2
239.70	14.4
241.30	34.8
242.30	14.2
244.30	9.0
S	2	2	745.3
Z	2	1471.7
D	seq	NFLETVELQVGLK
D	modified seq	NFLETVELQVGLK
1224.60	7.9
1228.70	468.9
1230.40	658.5
1231.50	144.2
1240.00	11.7
1242.70	45.9
1243.80	16.8
1253.80	17.2
1255.00	7.9
1255.80	14.4
1259.70	15.5
1273.10	5.9
1275.90	10.5
1277.10	7.8
1283.30	4.7
1296.50	19.2
1299.50	13.0
1307.40	6.1
1308.40	21.3
1313.00	1.7
1313.80	5.5
1315.40	3.6
1316.80	22.3
1323.90	1.5
1325.50	40.5
1326.30	75.9
S	3	3	732.1
Z	2	1444.7
D	seq	NEVSAMPTLLLFK
D	modified seq	NEVSAMPTLLLFK
209.00	62.5
210.30	12.8
216.00	87.0
220.10	58.0
224.90	4.9
226.10	418.2
227.00	68.3
227.90	46.7
229.20	13.3
231.10	12.7
238.10	209.1
239.20	15.0
244.10	953.8
245.20	90.0
245.90	20.4
252.30	8.8
255.30	38.8
260.20	9.4
262.10	35.0
270.00	10.9
275.80	21.8
277.40	6.3
279.10	12.7
280.20	49.8
