[ErrorEstimator] iterations:0 error:1.1023e-06
[ErrorEstimator] iterations:1 error:9.7668e-07
  1393.67 [0.711799] (1393.67, 0.413463) (1393.67, 0.22697) (1393.67, 0.200415) (1393.67, 0.10213) (1393.68, 0.0157065) (1393.67, 0.0142595) (1393.67, 0.0113119) (1393.68, 0.00747203) (1393.68, 0.00563053) (1393.67, 0.00261343) (1393.67, 2.42332e-05) (1393.67, 3.39028e-06) 
  1923.8 [0.00262279] (1923.8, 1) 
  2078.03 [0.870221] (2078.03, 0.392815) (2078.03, 0.210216) (2078.03, 0.159579) (2078.03, 0.144594) (2078.03, 0.0893558) (2078.04, 0.00156115) (2078.02, 0.00147761) (2078.04, 0.00029659) (2078.04, 9.8339e-05) (2078.02, 3.21178e-06) (2078.02, 2.17655e-06) (2078.04, 8.14039e-07) 
  2271.1 [0.506492] (2271.1, 0.930147) (2271.1, 0.0323075) (2271.11, 0.0217283) (2271.11, 0.0132317) (2271.09, 0.00188018) (2271.11, 0.000468196) (2271.09, 0.00021702) (2271.09, 1.1616e-05) (2271.11, 8.38054e-06) 
  2358.02 [1.38932] (2358.02, 0.402418) (2358.02, 0.230175) (2358.02, 0.219254) (2358.03, 0.141657) (2358.02, 0.00639104) (2358.03, 0.000103407) 
  2443.03 [0.45129] (2443.03, 0.582212) (2443.03, 0.417761) (2443.04, 2.70463e-05) 
  2524.24 [1.35365] (2524.25, 0.317814) (2524.25, 0.298103) (2524.24, 0.28306) (2524.24, 0.0888615) (2524.25, 0.00995914) (2524.25, 0.00146915) (2524.24, 0.00054103) (2524.23, 0.000192972) 
  2920.37 [1.92884] (2920.37, 0.292768) (2920.37, 0.270557) (2920.38, 0.249359) (2920.37, 0.144856) (2920.36, 0.0309964) (2920.36, 0.0114607) (2920.35, 2.73561e-06) 
  3031.44 [1.57935] (3031.43, 0.458876) (3031.44, 0.253346) (3031.43, 0.188819) (3031.43, 0.0431919) (3031.43, 0.0333324) (3031.43, 0.0220735) (3031.45, 0.000302563) (3031.45, 4.72748e-05) (3031.42, 1.13544e-05) 
  5426.47 [0.745458] (5426.47, 0.993174) (5426.48, 0.00682618) 
[ErrorEstimator] iterations:2 error:9.07486e-07
  1393.67 [0.570014] (1393.67, 0.418657) (1393.67, 0.224293) (1393.67, 0.213892) (1393.67, 0.109567) (1393.68, 0.0122016) (1393.67, 0.00694362) (1393.67, 0.00594593) (1393.68, 0.00473634) (1393.68, 0.00273208) (1393.67, 0.00102776) (1393.67, 3.19868e-06) 
  1923.8 [0.00262279] (1923.8, 1) 
  2078.03 [0.654588] (2078.03, 0.427657) (2078.03, 0.221806) (2078.03, 0.153877) (2078.03, 0.112296) (2078.03, 0.0833527) (2078.02, 0.000542022) (2078.04, 0.000397751) (2078.04, 5.79783e-05) (2078.04, 1.42094e-05) 
  2271.1 [0.226847] (2271.1, 0.967076) (2271.1, 0.0161851) (2271.11, 0.0118056) (2271.11, 0.00429412) (2271.09, 0.000522737) (2271.11, 8.89633e-05) (2271.09, 2.7634e-05) 
  2358.02 [1.3148] (2358.02, 0.421116) (2358.02, 0.234901) (2358.02, 0.206709) (2358.03, 0.13466) (2358.02, 0.00260108) (2358.03, 1.36077e-05) 
  2443.03 [0.432958] (2443.03, 0.604153) (2443.03, 0.395847) 
  2524.24 [1.23622] (2524.24, 0.324129) (2524.25, 0.310718) (2524.25, 0.269411) (2524.24, 0.0895804) (2524.25, 0.00551439) (2524.25, 0.000481714) (2524.24, 0.000134948) (2524.23, 3.00223e-05) 
  2920.37 [1.78029] (2920.37, 0.313238) (2920.37, 0.286487) (2920.38, 0.23352) (2920.37, 0.141342) (2920.36, 0.0198296) (2920.36, 0.00558361) 
  3031.44 [1.33288] (3031.43, 0.470409) (3031.44, 0.298188) (3031.43, 0.16961) (3031.43, 0.0259068) (3031.43, 0.0225156) (3031.43, 0.0133194) (3031.45, 4.66604e-05) (3031.45, 4.38576e-06) 
  5426.47 [0.684083] (5426.47, 0.998245) (5426.48, 0.00175488) 
[ErrorEstimator] iterations:3 error:8.71223e-07
  1393.67 [0.508016] (1393.67, 0.419139) (1393.67, 0.222597) (1393.67, 0.220561) (1393.67, 0.114464) (1393.68, 0.0100497) (1393.67, 0.0040542) (1393.67, 0.00367278) (1393.68, 0.00335826) (1393.68, 0.00159104) (1393.67, 0.000512697) (1393.67, 7.14038e-07) 
  1923.8 [0.00262279] (1923.8, 1) 
  2078.03 [0.539598] (2078.03, 0.449249) (2078.03, 0.227692) (2078.03, 0.158959) (2078.03, 0.0855385) (2078.03, 0.0781414) (2078.02, 0.000255519) (2078.04, 0.00014336) (2078.04, 1.71924e-05) (2078.04, 3.37262e-06) 
  2271.1 [0.128442] (2271.1, 0.980908) (2271.1, 0.00958791) (2271.11, 0.0074244) (2271.11, 0.00184757) (2271.09, 0.000200693) (2271.11, 2.58053e-05) (2271.09, 5.96896e-06) 
  2358.02 [1.27441] (2358.02, 0.43344) (2358.02, 0.245999) (2358.02, 0.190091) (2358.03, 0.129131) (2358.02, 0.00133533) (2358.03, 3.04127e-06) 
  2443.03 [0.420141] (2443.03, 0.620044) (2443.03, 0.379956) 
  2524.24 [1.16354] (2524.24, 0.355391) (2524.25, 0.303245) (2524.25, 0.248137) (2524.24, 0.089421) (2524.25, 0.00354042) (2524.25, 0.000210253) (2524.24, 4.81538e-05) (2524.23, 7.56694e-06) 
  2920.37 [1.69091] (2920.37, 0.345559) (2920.37, 0.279228) (2920.38, 0.220355) (2920.37, 0.137469) (2920.36, 0.0141324) (2920.36, 0.00325599) 
  3031.44 [1.19199] (3031.43, 0.471606) (3031.44, 0.330966) (3031.43, 0.154276) (3031.43, 0.0175014) (3031.43, 0.0166017) (3031.43, 0.00903768) (3031.45, 1.15912e-05) 
  5426.47 [0.670634] (5426.47, 0.999356) (5426.48, 0.000643555) 
[ErrorEstimator] iterations:4 error:8.52457e-07
  1393.67 [0.480507] (1393.67, 0.418506) (1393.67, 0.22768) (1393.67, 0.217786) (1393.67, 0.117357) (1393.68, 0.00888777) (1393.67, 0.002895) (1393.67, 0.00271609) (1393.68, 0.00270585) (1393.68, 0.00113428) (1393.67, 0.000331976) (1393.67, 2.80442e-07) 
  1923.8 [0.00262279] (1923.8, 1) 
  2078.03 [0.481422] (2078.03, 0.461196) (2078.03, 0.230419) (2078.03, 0.161495) (2078.03, 0.0747388) (2078.03, 0.0719067) (2078.02, 0.000159391) (2078.04, 7.56795e-05) (2078.04, 8.03888e-06) (2078.04, 1.37315e-06) 
  2271.1 [0.0910434] (2271.1, 0.986338) (2271.1, 0.00690093) (2271.11, 0.0055461) (2271.11, 0.00109002) (2271.09, 0.000110308) (2271.11, 1.19147e-05) (2271.09, 2.29437e-06) 
  2358.02 [1.25264] (2358.02, 0.440589) (2358.02, 0.252764) (2358.02, 0.180155) (2358.03, 0.125611) (2358.02, 0.000880782) 
  2443.03 [0.412273] (2443.03, 0.629798) (2443.03, 0.370202) 
  2524.24 [1.12118] (2524.24, 0.375223) (2524.25, 0.297811) (2524.25, 0.235073) (2524.24, 0.0890595) (2524.25, 0.00267994) (2524.25, 0.0001252) (2524.24, 2.52987e-05) (2524.23, 3.20267e-06) 
  2920.37 [1.6409] (2920.37, 0.366012) (2920.37, 0.273832) (2920.38, 0.211792) (2920.37, 0.134636) (2920.36, 0.0114082) (2920.36, 0.0023201) 
  3031.44 [1.11722] (3031.43, 0.46977) (3031.44, 0.351208) (3031.43, 0.144654) (3031.43, 0.0136614) (3031.43, 0.013639) (3031.43, 0.0070625) (3031.45, 4.84956e-06) 
  5426.47 [0.667018] (5426.47, 0.999655) (5426.48, 0.000344782) 
[ErrorEstimator] iterations:5 error:8.42741e-07
  1393.67 [0.46758] (1393.67, 0.417904) (1393.67, 0.230486) (1393.67, 0.216099) (1393.67, 0.118964) (1393.68, 0.0082835) (1393.68, 0.00239185) (1393.67, 0.00238929) (1393.67, 0.00228669) (1393.68, 0.000935281) (1393.67, 0.000259164) 
  1923.8 [0.00262279] (1923.8, 1) 
  2078.03 [0.452137] (2078.03, 0.467535) (2078.03, 0.23169) (2078.03, 0.162748) (2078.03, 0.0727792) (2078.03, 0.0650682) (2078.02, 0.000121737) (2078.04, 5.257e-05) (2078.04, 5.21204e-06) (2078.04, 8.22936e-07) 
  2271.1 [0.075085] (2271.1, 0.988691) (2271.1, 0.00572017) (2271.11, 0.0046953) (2271.11, 0.000806975) (2271.09, 7.84414e-05) (2271.11, 7.67358e-06) 
  2358.02 [1.2411] (2358.02, 0.444489) (2358.02, 0.256566) (2358.02, 0.174657) (2358.03, 0.123593) (2358.02, 0.000694934) 
  2443.03 [0.407838] (2443.03, 0.635295) (2443.03, 0.364705) 
  2524.24 [1.09775] (2524.24, 0.386612) (2524.25, 0.294483) (2524.25, 0.227737) (2524.24, 0.0887693) (2524.25, 0.00228548) (2524.25, 9.31598e-05) (2524.24, 1.7531e-05) (2524.23, 1.96275e-06) 
  2920.37 [1.6139] (2920.37, 0.377746) (2920.37, 0.270508) (2920.38, 0.206842) (2920.37, 0.132902) (2920.36, 0.0100895) (2920.36, 0.00191148) 
  3031.44 [1.07834] (3031.43, 0.467957) (3031.44, 0.362661) (3031.43, 0.139225) (3031.43, 0.0122085) (3031.43, 0.0118173) (3031.43, 0.00612874) (3031.45, 2.95056e-06) 
  5426.47 [0.665772] (5426.47, 0.999758) (5426.48, 0.000241806) 
[ErrorEstimator] iterations:6 error:8.37696e-07
  1393.67 [0.461228] (1393.67, 0.417514) (1393.67, 0.231993) (1393.67, 0.215154) (1393.67, 0.11983) (1393.68, 0.00797092) (1393.68, 0.00223624) (1393.67, 0.00215196) (1393.67, 0.00208197) (1393.68, 0.000841955) (1393.67, 0.000226462) 
  1923.8 [0.00262279] (1923.8, 1) 
  2078.03 [0.43723] (2078.03, 0.470856) (2078.03, 0.232303) (2078.03, 0.163376) (2078.03, 0.0717095) (2078.03, 0.0616029) (2078.02, 0.000105095) (2078.04, 4.31003e-05) (2078.04, 4.1158e-06) 
  2271.1 [0.0676922] (2271.1, 0.989792) (2271.1, 0.00516395) (2271.11, 0.00428775) (2271.11, 0.000685059) (2271.09, 6.51477e-05) (2271.11, 6.03866e-06) 
  2358.02 [1.23503] (2358.02, 0.446563) (2358.02, 0.258623) (2358.02, 0.171711) (2358.03, 0.122492) (2358.02, 0.000610769) 
  2443.03 [0.405437] (2443.03, 0.638272) (2443.03, 0.361728) 
  2524.24 [1.08513] (2524.24, 0.392842) (2524.25, 0.292604) (2524.25, 0.223779) (2524.24, 0.0885864) (2524.25, 0.0020952) (2524.25, 7.92956e-05) (2524.24, 1.43551e-05) 
  2920.37 [1.59958] (2920.37, 0.384163) (2920.37, 0.268628) (2920.38, 0.204131) (2920.37, 0.131925) (2920.36, 0.00943408) (2920.36, 0.00171967) 
  3031.44 [1.05813] (3031.43, 0.466755) (3031.44, 0.368877) (3031.43, 0.136293) (3031.43, 0.0114786) (3031.43, 0.0109253) (3031.43, 0.00567095) 
  5426.47 [0.665258] (5426.47, 0.999801) (5426.48, 0.000199352) 
[ErrorEstimator] iterations:7 error:8.35073e-07
  1393.67 [0.458018] (1393.67, 0.417289) (1393.67, 0.23279) (1393.67, 0.214643) (1393.67, 0.120289) (1393.68, 0.00780881) (1393.68, 0.00215737) (1393.67, 0.00203514) (1393.67, 0.00198035) (1393.68, 0.000796037) (1393.67, 0.000210741) 
  1923.8 [0.00262279] (1923.8, 1) 
  2078.03 [0.429574] (2078.03, 0.472591) (2078.03, 0.232608) (2078.03, 0.163697) (2078.03, 0.0711388) (2078.03, 0.0598259) (2078.02, 9.71649e-05) (2078.04, 3.87663e-05) (2078.04, 3.62862e-06) 
  2271.1 [0.0640711] (2271.1, 0.990333) (2271.1, 0.00488965) (2271.11, 0.00408495) (2271.11, 0.000627751) (2271.09, 5.90047e-05) (2271.11, 5.31431e-06) 
  2358.02 [1.23185] (2358.02, 0.447655) (2358.02, 0.259716) (2358.02, 0.170155) (2358.03, 0.121904) (2358.02, 0.000570126) 
  2443.03 [0.404161] (2443.03, 0.639855) (2443.03, 0.360145) 
  2524.24 [1.07846] (2524.24, 0.396172) (2524.25, 0.291583) (2524.25, 0.221678) (2524.24, 0.0884818) (2524.25, 0.00200016) (2524.25, 7.27624e-05) (2524.24, 1.29031e-05) 
  2920.37 [1.59204] (2920.37, 0.387592) (2920.37, 0.267606) (2920.38, 0.202681) (2920.37, 0.131394) (2920.36, 0.00910141) (2920.36, 0.00162525) 
  3031.44 [1.04765] (3031.43, 0.466054) (3031.44, 0.372185) (3031.43, 0.134738) (3031.43, 0.011106) (3031.43, 0.0104763) (3031.43, 0.00544033) 
  5426.47 [0.665022] (5426.47, 0.99982) (5426.48, 0.000179854) 
[ErrorEstimator] iterations:8 error:8.33708e-07
  1393.67 [0.456374] (1393.67, 0.417166) (1393.67, 0.233209) (1393.67, 0.214372) (1393.67, 0.120531) (1393.68, 0.00772463) (1393.68, 0.00211692) (1393.67, 0.00197613) (1393.67, 0.00192879) (1393.68, 0.000772848) (1393.67, 0.000202899) 
  1923.8 [0.00262279] (1923.8, 1) 
  2078.03 [0.425616] (2078.03, 0.473495) (2078.03, 0.232763) (2078.03, 0.163862) (2078.03, 0.0708381) (2078.03, 0.0589086) (2078.02, 9.32271e-05) (2078.04, 3.66597e-05) (2078.04, 3.39546e-06) 
  2271.1 [0.0622465] (2271.1, 0.990607) (2271.1, 0.00475095) (2271.11, 0.00398192) (2271.11, 0.000599499) (2271.09, 5.60035e-05) (2271.11, 4.9682e-06) 
  2358.02 [1.23018] (2358.02, 0.448227) (2358.02, 0.260291) (2358.02, 0.169339) (2358.03, 0.121593) (2358.02, 0.000549802) 
  2443.03 [0.403489] (2443.03, 0.640688) (2443.03, 0.359312) 
  2524.24 [1.07496] (2524.24, 0.397928) (2524.25, 0.29104) (2524.25, 0.220574) (2524.24, 0.0884247) (2524.25, 0.00195178) (2524.25, 6.95375e-05) (2524.24, 1.21978e-05) 
  2920.37 [1.5881] (2920.37, 0.389401) (2920.37, 0.267063) (2920.38, 0.201916) (2920.37, 0.131112) (2920.36, 0.00893061) (2920.36, 0.00157756) 
  3031.44 [1.0422] (3031.43, 0.465669) (3031.44, 0.373927) (3031.43, 0.133921) (3031.43, 0.0109141) (3031.43, 0.0102468) (3031.43, 0.00532241) 
  5426.47 [0.664907] (5426.47, 0.99983) (5426.48, 0.000170359) 
[ErrorEstimator] iterations:9 error:8.32997e-07
  1393.67 [0.455524] (1393.67, 0.4171) (1393.67, 0.233428) (1393.67, 0.21423) (1393.67, 0.120657) (1393.68, 0.00768085) (1393.68, 0.00209601) (1393.67, 0.00194588) (1393.67, 0.00190229) (1393.68, 0.000760961) (1393.67, 0.000198905) 
  1923.8 [0.00262279] (1923.8, 1) 
  2078.03 [0.423563] (2078.03, 0.473967) (2078.03, 0.232843) (2078.03, 0.163947) (2078.03, 0.0706804) (2078.03, 0.058433) (2078.02, 9.12265e-05) (2078.04, 3.56014e-05) (2078.04, 3.27926e-06) 
  2271.1 [0.0613122] (2271.1, 0.990747) (2271.1, 0.00467982) (2271.11, 0.00392894) (2271.11, 0.0005852) (2271.09, 5.44916e-05) (2271.11, 4.79586e-06) 
  2358.02 [1.22931] (2358.02, 0.448525) (2358.02, 0.260593) (2358.02, 0.168912) (2358.03, 0.121431) (2358.02, 0.000539438) 
  2443.03 [0.403137] (2443.03, 0.641124) (2443.03, 0.358876) 
  2524.24 [1.07312] (2524.24, 0.39885) (2524.25, 0.290754) (2524.25, 0.219996) (2524.24, 0.0883942) (2524.25, 0.00192688) (2524.25, 6.79042e-05) (2524.24, 1.18435e-05) 
  2920.37 [1.58604] (2920.37, 0.39035) (2920.37, 0.266776) (2920.38, 0.201514) (2920.37, 0.130964) (2920.36, 0.00884231) (2920.36, 0.00155312) 
  3031.44 [1.03936] (3031.43, 0.465463) (3031.44, 0.374839) (3031.43, 0.133493) (3031.43, 0.0108148) (3031.43, 0.0101284) (3031.43, 0.00526157) 
  5426.47 [0.664849] (5426.47, 0.999834) (5426.48, 0.000165583) 
[ErrorEstimator] iterations:10 error:8.32627e-07
  1393.67 [0.455083] (1393.67, 0.417065) (1393.67, 0.233543) (1393.67, 0.214155) (1393.67, 0.120723) (1393.68, 0.00765806) (1393.68, 0.00208516) (1393.67, 0.00193025) (1393.67, 0.00188859) (1393.68, 0.00075482) (1393.67, 0.000196848) 
  1923.8 [0.00262279] (1923.8, 1) 
  2078.03 [0.422495] (2078.03, 0.474212) (2078.03, 0.232884) (2078.03, 0.163991) (2078.03, 0.070598) (2078.03, 0.0581858) (2078.02, 9.01977e-05) (2078.04, 3.50603e-05) (2078.04, 3.22011e-06) 
  2271.1 [0.0608297] (2271.1, 0.990819) (2271.1, 0.00464305) (2271.11, 0.00390153) (2271.11, 0.00057786) (2271.09, 5.37175e-05) (2271.11, 4.70815e-06) 
  2358.02 [1.22886] (2358.02, 0.448681) (2358.02, 0.26075) (2358.02, 0.168689) (2358.03, 0.121346) (2358.02, 0.000534098) 
  2443.03 [0.402953] (2443.03, 0.641352) (2443.03, 0.358648) 
  2524.24 [1.07217] (2524.24, 0.399331) (2524.25, 0.290604) (2524.25, 0.219694) (2524.24, 0.0883781) (2524.25, 0.00191398) (2524.25, 6.70656e-05) (2524.24, 1.16624e-05) 
  2920.37 [1.58496] (2920.37, 0.390846) (2920.37, 0.266626) (2920.38, 0.201304) (2920.37, 0.130886) (2920.36, 0.00879648) (2920.36, 0.00154049) 
  3031.44 [1.03788] (3031.43, 0.465354) (3031.44, 0.375316) (3031.43, 0.13327) (3031.43, 0.0107632) (3031.43, 0.010067) (3031.43, 0.00523003) 
  5426.47 [0.66482] (5426.47, 0.999837) (5426.48, 0.00016314) 
