[ErrorEstimator] iterations:0 error:6.99069e-07
[ErrorEstimator] iterations:1 error:6.83591e-07
  1393.67 [0.414344] (1393.67, 0.339786) (1393.67, 0.293391) (1393.67, 0.23084) (1393.67, 0.121245) (1393.68, 0.0114939) (1393.68, 0.00252257) (1393.68, 0.000630852) (1393.67, 5.05408e-05) (1393.67, 3.83402e-05) (1393.67, 1.73655e-06) 
  1923.8 [0.0888129] (1923.8, 1) 
  2078.03 [0.424738] (2078.03, 0.51788) (2078.03, 0.225901) (2078.03, 0.157799) (2078.03, 0.0765291) (2078.03, 0.0218812) (2078.04, 9.39876e-06) (2078.02, 5.86449e-07) 
  2271.1 [0.109891] (2271.1, 0.996049) (2271.11, 0.00360675) (2271.11, 0.000237305) (2271.1, 0.000106717) 
  2358.02 [0.715201] (2358.02, 0.673541) (2358.03, 0.182382) (2358.02, 0.11495) (2358.02, 0.0291228) (2358.02, 3.7353e-06) 
  2443.03 [0.153094] (2443.03, 0.595613) (2443.03, 0.404387) 
  2524.25 [0.859908] (2524.25, 0.396629) (2524.25, 0.291242) (2524.24, 0.285237) (2524.24, 0.0254168) (2524.25, 0.00145419) (2524.25, 2.17389e-05) 
  2920.37 [0.834405] (2920.37, 0.510248) (2920.38, 0.265184) (2920.37, 0.176654) (2920.37, 0.0476482) (2920.36, 0.000250589) (2920.36, 1.52729e-05) 
  3031.44 [0.855318] (3031.44, 0.680979) (3031.43, 0.276585) (3031.43, 0.0406444) (3031.43, 0.000949142) (3031.43, 0.000549765) (3031.43, 0.000292492) 
  5426.47 [0.21725] (5426.47, 0.99997) (5426.48, 2.99583e-05) 
[ErrorEstimator] iterations:2 error:6.72708e-07
  1393.67 [0.403012] (1393.67, 0.342087) (1393.67, 0.298898) (1393.67, 0.223045) (1393.67, 0.122448) (1393.68, 0.0107567) (1393.68, 0.00220238) (1393.68, 0.000500753) (1393.67, 3.50805e-05) (1393.67, 2.56698e-05) (1393.67, 1.05227e-06) 
  1923.8 [0.0888129] (1923.8, 1) 
  2078.03 [0.39925] (2078.03, 0.525593) (2078.03, 0.230177) (2078.03, 0.155255) (2078.03, 0.0689334) (2078.03, 0.0200347) (2078.04, 5.84513e-06) 
  2271.1 [0.106372] (2271.1, 0.996792) (2271.11, 0.00297312) (2271.11, 0.000162071) (2271.1, 7.25309e-05) 
  2358.02 [0.698763] (2358.02, 0.683435) (2358.03, 0.179936) (2358.02, 0.111036) (2358.02, 0.0255912) (2358.02, 2.24765e-06) 
  2443.03 [0.15148] (2443.03, 0.599877) (2443.03, 0.400123) 
  2524.25 [0.851736] (2524.25, 0.39823) (2524.24, 0.291195) (2524.25, 0.285379) (2524.24, 0.023977) (2524.25, 0.00120335) (2524.25, 1.48392e-05) 
  2920.37 [0.805332] (2920.37, 0.526336) (2920.38, 0.257173) (2920.37, 0.173584) (2920.37, 0.0427152) (2920.36, 0.000182351) (2920.36, 9.77731e-06) 
  3031.44 [0.803472] (3031.44, 0.702578) (3031.43, 0.260385) (3031.43, 0.0357036) (3031.43, 0.000724606) (3031.43, 0.000396552) (3031.43, 0.000211579) 
  5426.47 [0.217134] (5426.47, 0.999981) (5426.48, 1.85933e-05) 
[ErrorEstimator] iterations:3 error:6.64953e-07
  1393.67 [0.394932] (1393.67, 0.343695) (1393.67, 0.302964) (1393.67, 0.217338) (1393.67, 0.123309) (1393.68, 0.0102351) (1393.68, 0.00198994) (1393.68, 0.000421475) (1393.67, 2.67187e-05) (1393.67, 1.90332e-05) (1393.67, 7.24351e-07) 
  1923.8 [0.0888129] (1923.8, 1) 
  2078.03 [0.381562] (2078.03, 0.531014) (2078.03, 0.233239) (2078.03, 0.153273) (2078.03, 0.0637226) (2078.03, 0.0187474) (2078.04, 4.10051e-06) 
  2271.1 [0.104246] (2271.1, 0.997249) (2271.11, 0.00257443) (2271.11, 0.000121991) (2271.1, 5.43969e-05) 
  2358.02 [0.687335] (2358.02, 0.690564) (2358.03, 0.178049) (2358.02, 0.108155) (2358.02, 0.0232311) 
  2443.03 [0.150282] (2443.03, 0.603043) (2443.03, 0.396957) 
  2524.25 [0.845842] (2524.25, 0.399329) (2524.24, 0.295642) (2524.25, 0.281021) (2524.24, 0.0229523) (2524.25, 0.00104482) (2524.25, 1.11634e-05) 
  2920.37 [0.784486] (2920.37, 0.538179) (2920.38, 0.251146) (2920.37, 0.171183) (2920.37, 0.0393418) (2920.36, 0.000143784) (2920.36, 7.00772e-06) 
  3031.44 [0.767052] (3031.44, 0.718005) (3031.43, 0.248558) (3031.43, 0.0323685) (3031.43, 0.000591732) (3031.43, 0.000310432) (3031.43, 0.000165981) 
  5426.47 [0.217078] (5426.47, 0.999987) (5426.48, 1.30336e-05) 
[ErrorEstimator] iterations:4 error:6.59377e-07
  1393.67 [0.389104] (1393.67, 0.344833) (1393.67, 0.305965) (1393.67, 0.213155) (1393.67, 0.123931) (1393.68, 0.00986234) (1393.68, 0.00184518) (1393.68, 0.000370762) (1393.67, 2.18223e-05) (1393.67, 1.52383e-05) 
  1923.8 [0.0888129] (1923.8, 1) 
  2078.03 [0.369102] (2078.03, 0.534868) (2078.03, 0.235448) (2078.03, 0.151757) (2078.03, 0.0600852) (2078.03, 0.017838) (2078.04, 3.15e-06) 
  2271.1 [0.102889] (2271.1, 0.997544) (2271.11, 0.0023132) (2271.11, 9.87786e-05) (2271.1, 4.39282e-05) 
  2358.02 [0.679287] (2358.02, 0.695732) (2358.03, 0.176616) (2358.02, 0.106037) (2358.02, 0.0216145) 
  2443.03 [0.149394] (2443.03, 0.605389) (2443.03, 0.394611) 
  2524.25 [0.841561] (2524.25, 0.400095) (2524.24, 0.298949) (2524.25, 0.27779) (2524.24, 0.0222167) (2524.25, 0.000940621) (2524.25, 9.03486e-06) 
  2920.37 [0.769425] (2920.37, 0.546893) (2920.38, 0.246646) (2920.37, 0.169342) (2920.37, 0.0369925) (2920.36, 0.000120463) (2920.36, 5.46935e-06) 
  3031.44 [0.741159] (3031.44, 0.729095) (3031.43, 0.239929) (3031.43, 0.0300703) (3031.43, 0.000508659) (3031.43, 0.000258602) (3031.43, 0.000138487) 
  5426.47 [0.217047] (5426.47, 0.99999) (5426.48, 1.00106e-05) 
[ErrorEstimator] iterations:5 error:6.55343e-07
  1393.67 [0.384885] (1393.67, 0.345645) (1393.67, 0.308178) (1393.67, 0.210088) (1393.67, 0.124382) (1393.68, 0.009594) (1393.68, 0.0017446) (1393.68, 0.000337133) (1393.67, 1.87811e-05) (1393.67, 1.29223e-05) 
  1923.8 [0.0888129] (1923.8, 1) 
  2078.03 [0.360228] (2078.03, 0.537631) (2078.03, 0.23705) (2078.03, 0.150613) (2078.03, 0.0575131) (2078.03, 0.0171894) (2078.04, 2.5904e-06) 
  2271.1 [0.101989] (2271.1, 0.997741) (2271.11, 0.00213686) (2271.11, 8.4477e-05) (2271.1, 3.74934e-05) 
  2358.02 [0.673545] (2358.02, 0.699494) (2358.03, 0.175538) (2358.02, 0.104481) (2358.02, 0.020487) 
  2443.03 [0.148738] (2443.03, 0.607124) (2443.03, 0.392876) 
  2524.25 [0.838439] (2524.25, 0.400634) (2524.24, 0.301402) (2524.25, 0.275401) (2524.24, 0.0216854) (2524.25, 0.000870118) (2524.25, 7.72358e-06) 
  2920.37 [0.758491] (2920.37, 0.553303) (2920.38, 0.243303) (2920.37, 0.167949) (2920.37, 0.035334) (2920.36, 0.000105633) (2920.36, 4.55066e-06) 
  3031.44 [0.722594] (3031.44, 0.737108) (3031.43, 0.233629) (3031.43, 0.0284613) (3031.43, 0.000454532) (3031.43, 0.000225771) (3031.43, 0.000121046) 
  5426.47 [0.217029] (5426.47, 0.999992) (5426.48, 8.23277e-06) 
[ErrorEstimator] iterations:6 error:6.52413e-07
  1393.67 [0.381815] (1393.67, 0.346228) (1393.67, 0.309809) (1393.67, 0.207838) (1393.67, 0.12471) (1393.68, 0.00939983) (1393.68, 0.00167369) (1393.68, 0.00031423) (1393.67, 1.68077e-05) (1393.67, 1.14389e-05) 
  1923.8 [0.0888129] (1923.8, 1) 
  2078.03 [0.353858] (2078.03, 0.539626) (2078.03, 0.238216) (2078.03, 0.149757) (2078.03, 0.0556764) (2078.03, 0.0167232) (2078.04, 2.24139e-06) 
  2271.1 [0.101376] (2271.1, 0.997876) (2271.11, 0.00201516) (2271.11, 7.52511e-05) (2271.1, 3.33496e-05) 
  2358.02 [0.669415] (2358.02, 0.702239) (2358.03, 0.174733) (2358.02, 0.103338) (2358.02, 0.0196901) 
  2443.03 [0.148253] (2443.03, 0.608405) (2443.03, 0.391595) 
  2524.25 [0.836156] (2524.25, 0.401018) (2524.24, 0.303216) (2524.25, 0.273637) (2524.24, 0.0212999) (2524.25, 0.000821379) (2524.25, 6.8778e-06) 
  2920.37 [0.750527] (2920.37, 0.558016) (2920.38, 0.240829) (2920.37, 0.166904) (2920.37, 0.0341512) (2920.36, 9.58428e-05) (2920.36, 3.97164e-06) 
  3031.44 [0.709198] (3031.44, 0.742921) (3031.43, 0.229026) (3031.43, 0.0273211) (3031.43, 0.000418157) (3031.43, 0.000204161) (3031.43, 0.000109554) 
  5426.47 [0.217018] (5426.47, 0.999993) (5426.48, 7.12466e-06) 
[ErrorEstimator] iterations:7 error:6.50278e-07
  1393.67 [0.379573] (1393.67, 0.34665) (1393.67, 0.311009) (1393.67, 0.206186) (1393.67, 0.124949) (1393.68, 0.00925876) (1393.68, 0.00162315) (1393.68, 0.00029832) (1393.67, 1.54849e-05) (1393.67, 1.04539e-05) 
  1923.8 [0.0888129] (1923.8, 1) 
  2078.03 [0.349257] (2078.03, 0.541071) (2078.03, 0.239066) (2078.03, 0.149119) (2078.03, 0.0543552) (2078.03, 0.0163862) (2078.04, 2.01418e-06) 
  2271.1 [0.10095] (2271.1, 0.997971) (2271.11, 0.00192978) (2271.11, 6.90933e-05) (2271.1, 3.05874e-05) 
  2358.02 [0.666427] (2358.02, 0.704246) (2358.03, 0.174135) (2358.02, 0.102498) (2358.02, 0.019121) 
  2443.03 [0.147895] (2443.03, 0.60935) (2443.03, 0.39065) 
  2524.25 [0.834484] (2524.25, 0.401294) (2524.24, 0.304557) (2524.25, 0.272337) (2524.24, 0.0210193) (2524.25, 0.000787146) (2524.25, 6.31335e-06) 
  2920.37 [0.744713] (2920.37, 0.56148) (2920.38, 0.239001) (2920.37, 0.166125) (2920.37, 0.0333012) (2920.36, 8.91964e-05) (2920.36, 3.59178e-06) 
  3031.44 [0.699487] (3031.44, 0.747151) (3031.43, 0.225659) (3031.43, 0.0265056) (3031.43, 0.00039314) (3031.43, 0.000189525) (3031.43, 0.000101765) 
  5426.47 [0.21701] (5426.47, 0.999994) (5426.48, 6.40355e-06) 
[ErrorEstimator] iterations:8 error:6.48718e-07
  1393.67 [0.377935] (1393.67, 0.346956) (1393.67, 0.311892) (1393.67, 0.204974) (1393.67, 0.125123) (1393.68, 0.00915598) (1393.68, 0.00158685) (1393.68, 0.000287104) (1393.67, 1.45766e-05) (1393.67, 9.7824e-06) 
  1923.8 [0.0888129] (1923.8, 1) 
  2078.03 [0.345919] (2078.03, 0.542123) (2078.03, 0.239687) (2078.03, 0.148646) (2078.03, 0.0533997) (2078.03, 0.0161417) (2078.04, 1.8615e-06) 
  2271.1 [0.100649] (2271.1, 0.998037) (2271.11, 0.00186916) (2271.11, 6.48785e-05) (2271.1, 2.86985e-05) 
  2358.02 [0.664257] (2358.02, 0.705715) (2358.03, 0.173692) (2358.02, 0.101881) (2358.02, 0.0187117) 
  2443.03 [0.147632] (2443.03, 0.610046) (2443.03, 0.389954) 
  2524.25 [0.833259] (2524.25, 0.401493) (2524.24, 0.305545) (2524.25, 0.271379) (2524.24, 0.0208146) (2524.25, 0.000762817) (2524.25, 5.92704e-06) 
  2920.37 [0.740461] (2920.37, 0.564025) (2920.38, 0.237653) (2920.37, 0.165547) (2920.37, 0.0326869) (2920.36, 8.45903e-05) (2920.36, 3.33507e-06) 
  3031.44 [0.692424] (3031.44, 0.750236) (3031.43, 0.223195) (3031.43, 0.0259184) (3031.43, 0.000375636) (3031.43, 0.000179399) (3031.43, 9.63734e-05) 
  5426.47 [0.217005] (5426.47, 0.999994) (5426.48, 5.91909e-06) 
[ErrorEstimator] iterations:9 error:6.47576e-07
  1393.67 [0.376735] (1393.67, 0.347179) (1393.67, 0.312542) (1393.67, 0.204084) (1393.67, 0.125251) (1393.68, 0.00908094) (1393.68, 0.00156063) (1393.68, 0.000279113) (1393.67, 1.39417e-05) (1393.67, 9.31549e-06) 
  1923.8 [0.0888129] (1923.8, 1) 
  2078.03 [0.343472] (2078.03, 0.542891) (2078.03, 0.240143) (2078.03, 0.148297) (2078.03, 0.052706) (2078.03, 0.0159637) 
  2271.1 [0.100434] (2271.1, 0.998085) (2271.11, 0.00182573) (2271.11, 6.19395e-05) (2271.1, 2.73823e-05) 
  2358.02 [0.662676] (2358.02, 0.706792) (2358.03, 0.173364) (2358.02, 0.101428) (2358.02, 0.0184156) 
  2443.03 [0.147438] (2443.03, 0.610558) (2443.03, 0.389442) 
  2524.25 [0.832361] (2524.25, 0.401637) (2524.24, 0.306273) (2524.25, 0.270674) (2524.24, 0.020665) (2524.25, 0.000745377) (2524.25, 5.65769e-06) 
  2920.37 [0.737349] (2920.37, 0.565895) (2920.38, 0.236661) (2920.37, 0.165119) (2920.37, 0.032241) (2920.36, 8.1349e-05) (2920.36, 3.15775e-06) 
  3031.44 [0.687273] (3031.44, 0.75249) (3031.43, 0.221389) (3031.43, 0.0254933) (3031.43, 0.000363232) (3031.43, 0.000172284) (3031.43, 9.25828e-05) 
  5426.47 [0.217002] (5426.47, 0.999994) (5426.48, 5.58589e-06) 
[ErrorEstimator] iterations:10 error:6.4674e-07
  1393.67 [0.375855] (1393.67, 0.347341) (1393.67, 0.31302) (1393.67, 0.20343) (1393.67, 0.125345) (1393.68, 0.00902601) (1393.68, 0.00154157) (1393.68, 0.000273365) (1393.67, 1.34917e-05) (1393.67, 8.98573e-06) 
  1923.8 [0.0888129] (1923.8, 1) 
  2078.03 [0.341698] (2078.03, 0.543452) (2078.03, 0.240476) (2078.03, 0.148039) (2078.03, 0.0522) (2078.03, 0.0158336) 
  2271.1 [0.10028] (2271.1, 0.998119) (2271.11, 0.00179437) (2271.11, 5.98595e-05) (2271.1, 2.64513e-05) 
  2358.02 [0.66152] (2358.02, 0.707582) (2358.03, 0.173122) (2358.02, 0.101095) (2358.02, 0.0182004) 
  2443.03 [0.147295] (2443.03, 0.610935) (2443.03, 0.389065) 
  2524.25 [0.831701] (2524.25, 0.401741) (2524.24, 0.30681) (2524.25, 0.270155) (2524.24, 0.0205554) (2524.25, 0.000732779) (2524.25, 5.46707e-06) 
  2920.37 [0.735065] (2920.37, 0.567271) (2920.38, 0.235929) (2920.37, 0.164802) (2920.37, 0.031916) (2920.36, 7.90395e-05) (2920.36, 3.03312e-06) 
  3031.44 [0.683505] (3031.44, 0.754141) (3031.43, 0.220064) (3031.43, 0.0251841) (3031.43, 0.000354348) (3031.43, 0.000167219) (3031.43, 8.98838e-05) 
  5426.47 [0.217] (5426.47, 0.999995) (5426.48, 5.35244e-06) 
