[ErrorEstimator] iterations:0 error:8.32627e-07
[ErrorEstimator] iterations:1 error:8.00297e-07
  1393.67 [0.479153] (1393.67, 0.355397) (1393.67, 0.260731) (1393.67, 0.247188) (1393.67, 0.118442) (1393.68, 0.0112422) (1393.68, 0.0033977) (1393.68, 0.00137225) (1393.67, 0.00106957) (1393.67, 0.00106081) (1393.67, 0.000100154) 
  1923.8 [0.0305793] (1923.8, 1) 
  2078.03 [0.47951] (2078.03, 0.474334) (2078.03, 0.213137) (2078.03, 0.175229) (2078.03, 0.0788591) (2078.03, 0.0583184) (2078.04, 6.10638e-05) (2078.02, 5.4563e-05) (2078.04, 5.8849e-06) (2078.04, 8.95581e-07) 
  2271.1 [0.0682586] (2271.1, 0.990138) (2271.11, 0.00589228) (2271.1, 0.00292728) (2271.11, 0.00100471) (2271.09, 2.89191e-05) (2271.11, 9.18438e-06) 
  2358.02 [1.1286] (2358.02, 0.515102) (2358.02, 0.213437) (2358.03, 0.149044) (2358.02, 0.122128) (2358.02, 0.000289806) 
  2443.03 [0.288901] (2443.03, 0.613437) (2443.03, 0.386563) 
  2524.25 [1.04596] (2524.24, 0.336878) (2524.25, 0.332303) (2524.25, 0.264455) (2524.24, 0.0633908) (2524.25, 0.00285147) (2524.25, 0.00011667) (2524.24, 4.94152e-06) 
  2920.37 [1.35689] (2920.37, 0.410098) (2920.38, 0.256315) (2920.37, 0.16663) (2920.37, 0.161936) (2920.36, 0.00434056) (2920.36, 0.000680574) 
  3031.44 [1.15895] (3031.44, 0.446911) (3031.43, 0.42628) (3031.43, 0.109317) (3031.43, 0.0074599) (3031.43, 0.00659166) (3031.43, 0.00343391) (3031.45, 5.83033e-06) 
  5426.47 [0.367948] (5426.47, 0.999625) (5426.48, 0.000374682) 
[ErrorEstimator] iterations:2 error:7.82065e-07
  1393.67 [0.460414] (1393.67, 0.34903) (1393.67, 0.26034) (1393.67, 0.254086) (1393.67, 0.121321) (1393.68, 0.0100415) (1393.68, 0.00274978) (1393.68, 0.000973368) (1393.67, 0.000718816) (1393.67, 0.00068307) (1393.67, 5.72548e-05) 
  1923.8 [0.0305793] (1923.8, 1) 
  2078.03 [0.428502] (2078.03, 0.48712) (2078.03, 0.213727) (2078.03, 0.178776) (2078.03, 0.0659721) (2078.03, 0.0543408) (2078.04, 3.0525e-05) (2078.02, 3.02947e-05) (2078.04, 2.56847e-06) 
  2271.1 [0.0486795] (2271.1, 0.993145) (2271.11, 0.00434301) (2271.1, 0.00192361) (2271.11, 0.000570951) (2271.09, 1.37518e-05) (2271.11, 3.97343e-06) 
  2358.02 [1.10355] (2358.02, 0.527572) (2358.02, 0.215245) (2358.03, 0.145922) (2358.02, 0.111091) (2358.02, 0.000169604) 
  2443.03 [0.283147] (2443.03, 0.622423) (2443.03, 0.377577) 
  2524.25 [1.01717] (2524.24, 0.35411) (2524.25, 0.329532) (2524.25, 0.25267) (2524.24, 0.0614765) (2524.25, 0.00214154) (2524.25, 6.73283e-05) (2524.24, 2.19744e-06) 
  2920.37 [1.30314] (2920.37, 0.435128) (2920.38, 0.247095) (2920.37, 0.159151) (2920.37, 0.155034) (2920.36, 0.00316557) (2920.36, 0.000426044) 
  3031.44 [1.07509] (3031.44, 0.476084) (3031.43, 0.413178) (3031.43, 0.0979331) (3031.43, 0.00567128) (3031.43, 0.00468489) (3031.43, 0.00244886) 
  5426.47 [0.365989] (5426.47, 0.999804) (5426.48, 0.000195582) 
[ErrorEstimator] iterations:3 error:7.71584e-07
  1393.67 [0.450497] (1393.67, 0.344965) (1393.67, 0.259963) (1393.67, 0.25832) (1393.67, 0.123075) (1393.68, 0.00935816) (1393.68, 0.00241077) (1393.68, 0.000786436) (1393.67, 0.000561679) (1393.67, 0.000519788) (1393.67, 4.04725e-05) 
  1923.8 [0.0305793] (1923.8, 1) 
  2078.03 [0.400475] (2078.03, 0.4945) (2078.03, 0.213785) (2078.03, 0.180749) (2078.03, 0.0589842) (2078.03, 0.0519395) (2078.02, 2.10118e-05) (2078.04, 1.98386e-05) (2078.04, 1.5347e-06) 
  2271.1 [0.0399553] (2271.1, 0.994511) (2271.11, 0.00359341) (2271.1, 0.00148235) (2271.11, 0.000402117) (2271.09, 8.67326e-06) (2271.11, 2.3635e-06) 
  2358.02 [1.08905] (2358.02, 0.53506) (2358.02, 0.216215) (2358.03, 0.143918) (2358.02, 0.104685) (2358.02, 0.00012162) 
  2443.03 [0.27961] (2443.03, 0.627947) (2443.03, 0.372053) 
  2524.25 [0.999771] (2524.24, 0.364914) (2524.25, 0.32755) (2524.25, 0.245426) (2524.24, 0.0602688) (2524.25, 0.001792) (2524.25, 4.78563e-05) (2524.24, 1.32909e-06) 
  2920.37 [1.27106] (2920.37, 0.450681) (2920.38, 0.241172) (2920.37, 0.157202) (2920.37, 0.148027) (2920.36, 0.00259927) (2920.36, 0.000318252) 
  3031.44 [1.02715] (3031.44, 0.493908) (3031.43, 0.404289) (3031.43, 0.0912643) (3031.43, 0.00477411) (3031.43, 0.00378267) (3031.43, 0.0019814) 
  5426.47 [0.36528] (5426.47, 0.999869) (5426.48, 0.000130747) 
[ErrorEstimator] iterations:4 error:7.65473e-07
  1393.67 [0.444972] (1393.67, 0.342461) (1393.67, 0.260881) (1393.67, 0.259689) (1393.67, 0.124131) (1393.68, 0.00896457) (1393.68, 0.00222528) (1393.68, 0.0006908) (1393.67, 0.000483462) (1393.67, 0.000440263) (1393.67, 3.27798e-05) 
  1923.8 [0.0305793] (1923.8, 1) 
  2078.03 [0.384663] (2078.03, 0.498792) (2078.03, 0.213716) (2078.03, 0.181869) (2078.03, 0.0550806) (2078.03, 0.0505088) (2078.02, 1.68176e-05) (2078.04, 1.52637e-05) (2078.04, 1.12203e-06) 
  2271.1 [0.0356114] (2271.1, 0.995199) (2271.11, 0.00320243) (2271.1, 0.00126524) (2271.11, 0.00032497) (2271.09, 6.55493e-06) (2271.11, 1.72384e-06) 
  2358.02 [1.08058] (2358.02, 0.53952) (2358.02, 0.216752) (2358.03, 0.142677) (2358.02, 0.100951) (2358.02, 9.93558e-05) 
  2443.03 [0.277473] (2443.03, 0.631286) (2443.03, 0.368714) 
  2524.25 [0.989336] (2524.24, 0.371519) (2524.25, 0.326251) (2524.25, 0.241054) (2524.24, 0.0595285) (2524.25, 0.00160773) (2524.25, 3.88847e-05) (2524.24, 9.79095e-07) 
  2920.37 [1.25198] (2920.37, 0.460133) (2920.38, 0.237509) (2920.37, 0.155942) (2920.37, 0.143845) (2920.36, 0.00230476) (2920.36, 0.00026644) 
  3031.44 [0.999333] (3031.44, 0.50463) (3031.43, 0.398649) (3031.43, 0.0873647) (3031.43, 0.00429649) (3031.43, 0.0033191) (3031.43, 0.00174079) 
  5426.47 [0.364969] (5426.47, 0.999898) (5426.48, 0.000102382) 
[ErrorEstimator] iterations:5 error:7.61877e-07
  1393.67 [0.441802] (1393.67, 0.340942) (1393.67, 0.26242) (1393.67, 0.25951) (1393.67, 0.124764) (1393.68, 0.00873511) (1393.68, 0.00212043) (1393.68, 0.000638883) (1393.67, 0.000441696) (1393.67, 0.000398351) (1393.67, 2.88706e-05) 
  1923.8 [0.0305793] (1923.8, 1) 
  2078.03 [0.375558] (2078.03, 0.50131) (2078.03, 0.213639) (2078.03, 0.182516) (2078.03, 0.0528471) (2078.03, 0.0496582) (2078.02, 1.4705e-05) (2078.04, 1.30328e-05) (2078.04, 9.29043e-07) 
  2271.1 [0.0332886] (2271.1, 0.995569) (2271.11, 0.00298771) (2271.1, 0.00115011) (2271.11, 0.000285839) (2271.09, 5.53762e-06) (2271.11, 1.42546e-06) 
  2358.02 [1.07561] (2358.02, 0.542175) (2358.02, 0.217056) (2358.03, 0.141923) (2358.02, 0.0987588) (2358.02, 8.79591e-05) 
  2443.03 [0.276189] (2443.03, 0.63329) (2443.03, 0.36671) 
  2524.25 [0.983083] (2524.24, 0.375511) (2524.25, 0.325434) (2524.25, 0.238433) (2524.24, 0.0590806) (2524.25, 0.00150588) (2524.25, 3.43118e-05) 
  2920.37 [1.24061] (2920.37, 0.465824) (2920.38, 0.235282) (2920.37, 0.155156) (2920.37, 0.141356) (2920.36, 0.00214334) (2920.36, 0.000239355) 
  3031.44 [0.983025] (3031.44, 0.511046) (3031.43, 0.395174) (3031.43, 0.0850723) (3031.43, 0.00403107) (3031.43, 0.00306694) (3031.43, 0.00160977) 
  5426.47 [0.364816] (5426.47, 0.999912) (5426.48, 8.83639e-05) 
[ErrorEstimator] iterations:6 error:7.59748e-07
  1393.67 [0.439952] (1393.67, 0.340027) (1393.67, 0.263342) (1393.67, 0.259397) (1393.67, 0.125143) (1393.68, 0.00860012) (1393.68, 0.00205987) (1393.68, 0.000609619) (1393.67, 0.000418386) (1393.67, 0.000375142) (1393.67, 2.67525e-05) 
  1923.8 [0.0305793] (1923.8, 1) 
  2078.03 [0.37024] (2078.03, 0.502798) (2078.03, 0.213581) (2078.03, 0.182895) (2078.03, 0.051548) (2078.03, 0.049152) (2078.02, 1.35666e-05) (2078.04, 1.18535e-05) (2078.04, 8.29545e-07) 
  2271.1 [0.0319906] (2271.1, 0.995777) (2271.11, 0.00286584) (2271.1, 0.00108613) (2271.11, 0.000264662) (2271.09, 5.00473e-06) (2271.11, 1.27184e-06) 
  2358.02 [1.07266] (2358.02, 0.543756) (2358.02, 0.217231) (2358.03, 0.141468) (2358.02, 0.0974633) (2358.02, 8.17574e-05) 
  2443.03 [0.275421] (2443.03, 0.63449) (2443.03, 0.36551) 
  2524.25 [0.979354] (2524.24, 0.377912) (2524.25, 0.324933) (2524.25, 0.236865) (2524.24, 0.0588111) (2524.25, 0.00144784) (2524.25, 3.18297e-05) 
  2920.37 [1.23384] (2920.37, 0.469237) (2920.38, 0.233939) (2920.37, 0.154675) (2920.37, 0.139873) (2920.36, 0.00205183) (2920.36, 0.000224432) 
  3031.44 [0.973395] (3031.44, 0.51488) (3031.43, 0.393063) (3031.43, 0.0837174) (3031.43, 0.00387938) (3031.43, 0.00292466) (3031.43, 0.0015358) 
  5426.47 [0.364734] (5426.47, 0.999919) (5426.48, 8.08935e-05) 
[ErrorEstimator] iterations:7 error:7.58484e-07
  1393.67 [0.438863] (1393.67, 0.339479) (1393.67, 0.263894) (1393.67, 0.259328) (1393.67, 0.125369) (1393.68, 0.00852027) (1393.68, 0.00202445) (1393.68, 0.000592745) (1393.67, 0.000405025) (1393.67, 0.0003619) (1393.67, 2.55596e-05) 
  1923.8 [0.0305793] (1923.8, 1) 
  2078.03 [0.367108] (2078.03, 0.50368) (2078.03, 0.213541) (2078.03, 0.183118) (2078.03, 0.0507848) (2078.03, 0.0488505) (2078.02, 1.29276e-05) (2078.04, 1.11992e-05) (2078.04, 7.75151e-07) 
  2271.1 [0.0312458] (2271.1, 0.995897) (2271.11, 0.00279527) (2271.1, 0.00104954) (2271.11, 0.000252744) (2271.09, 4.71061e-06) (2271.11, 1.18793e-06) 
  2358.02 [1.07092] (2358.02, 0.544699) (2358.02, 0.217334) (2358.03, 0.141194) (2358.02, 0.096695) (2358.02, 7.82558e-05) 
  2443.03 [0.274962] (2443.03, 0.635207) (2443.03, 0.364793) 
  2524.25 [0.977127] (2524.24, 0.37935) (2524.25, 0.324628) (2524.25, 0.235928) (2524.24, 0.0586496) (2524.25, 0.00141416) (2524.25, 3.04304e-05) 
  2920.37 [1.2298] (2920.37, 0.471279) (2920.38, 0.233133) (2920.37, 0.154384) (2920.37, 0.138989) (2920.36, 0.0019989) (2920.36, 0.000215943) 
  3031.44 [0.967684] (3031.44, 0.517169) (3031.43, 0.39179) (3031.43, 0.0829138) (3031.43, 0.0037912) (3031.43, 0.00284257) (3031.43, 0.0014931) 
  5426.47 [0.364689] (5426.47, 0.999923) (5426.48, 7.67279e-05) 
[ErrorEstimator] iterations:8 error:7.57731e-07
  1393.67 [0.438218] (1393.67, 0.33915) (1393.67, 0.264224) (1393.67, 0.259286) (1393.67, 0.125505) (1393.68, 0.00847286) (1393.68, 0.00200355) (1393.68, 0.000582879) (1393.67, 0.00039724) (1393.67, 0.000354207) (1393.67, 2.4872e-05) 
  1923.8 [0.0305793] (1923.8, 1) 
  2078.03 [0.365243] (2078.03, 0.504205) (2078.03, 0.213516) (2078.03, 0.183251) (2078.03, 0.0503335) (2078.03, 0.0486708) (2078.02, 1.25599e-05) (2078.04, 1.08253e-05) 
  2271.1 [0.0308116] (2271.1, 0.995966) (2271.11, 0.00275391) (2271.1, 0.00102826) (2271.11, 0.000245875) (2271.09, 4.54308e-06) (2271.11, 1.14043e-06) 
  2358.02 [1.06988] (2358.02, 0.545261) (2358.02, 0.217394) (2358.03, 0.141031) (2358.02, 0.0962382) (2358.02, 7.62341e-05) 
  2443.03 [0.274687] (2443.03, 0.635636) (2443.03, 0.364364) 
  2524.25 [0.975797] (2524.24, 0.380211) (2524.25, 0.324444) (2524.25, 0.235368) (2524.24, 0.0585529) (2524.25, 0.0013944) (2524.25, 2.96232e-05) 
  2920.37 [1.22739] (2920.37, 0.4725) (2920.38, 0.23265) (2920.37, 0.154208) (2920.37, 0.138462) (2920.36, 0.00196788) (2920.36, 0.00021102) 
  3031.44 [0.964288] (3031.44, 0.518536) (3031.43, 0.391026) (3031.43, 0.0824359) (3031.43, 0.00373939) (3031.43, 0.00279456) (3031.43, 0.00146813) 
  5426.47 [0.364663] (5426.47, 0.999926) (5426.48, 7.43406e-05) 
[ErrorEstimator] iterations:9 error:7.57282e-07
  1393.67 [0.437834] (1393.67, 0.338954) (1393.67, 0.264421) (1393.67, 0.25926) (1393.67, 0.125585) (1393.68, 0.00844462) (1393.68, 0.00199116) (1393.68, 0.000577056) (1393.67, 0.000392655) (1393.67, 0.000349683) (1393.67, 2.44695e-05) 
  1923.8 [0.0305793] (1923.8, 1) 
  2078.03 [0.36414] (2078.03, 0.504518) (2078.03, 0.213501) (2078.03, 0.18333) (2078.03, 0.0500654) (2078.03, 0.0485635) (2078.02, 1.2345e-05) (2078.04, 1.06076e-05) 
  2271.1 [0.0305558] (2271.1, 0.996007) (2271.11, 0.00272946) (2271.1, 0.00101573) (2271.11, 0.000241857) (2271.09, 4.44575e-06) (2271.11, 1.11293e-06) 
  2358.02 [1.06926] (2358.02, 0.545596) (2358.02, 0.21743) (2358.03, 0.140933) (2358.02, 0.0959659) (2358.02, 7.50499e-05) 
  2443.03 [0.274523] (2443.03, 0.635892) (2443.03, 0.364108) 
  2524.25 [0.975002] (2524.24, 0.380726) (2524.25, 0.324334) (2524.25, 0.235034) (2524.24, 0.058495) (2524.25, 0.0013827) (2524.25, 2.91506e-05) 
  2920.37 [1.22596] (2920.37, 0.47323) (2920.38, 0.232361) (2920.37, 0.154103) (2920.37, 0.138147) (2920.36, 0.00194955) (2920.36, 0.000208129) 
  3031.44 [0.962264] (3031.44, 0.519353) (3031.43, 0.390568) (3031.43, 0.082151) (3031.43, 0.00370873) (3031.43, 0.00276622) (3031.43, 0.00145338) 
  5426.47 [0.364647] (5426.47, 0.999927) (5426.48, 7.29484e-05) 
[ErrorEstimator] iterations:10 error:7.57014e-07
  1393.67 [0.437606] (1393.67, 0.338836) (1393.67, 0.264539) (1393.67, 0.259245) (1393.67, 0.125634) (1393.68, 0.0084278) (1393.68, 0.00198379) (1393.68, 0.000573606) (1393.67, 0.000389942) (1393.67, 0.000347009) (1393.67, 2.42323e-05) 
  1923.8 [0.0305793] (1923.8, 1) 
  2078.03 [0.363484] (2078.03, 0.504704) (2078.03, 0.213491) (2078.03, 0.183376) (2078.03, 0.0499059) (2078.03, 0.0484994) (2078.02, 1.22183e-05) (2078.04, 1.04797e-05) 
  2271.1 [0.0304044] (2271.1, 0.996032) (2271.11, 0.00271497) (2271.1, 0.00100833) (2271.11, 0.000239488) (2271.09, 4.3886e-06) (2271.11, 1.09683e-06) 
  2358.02 [1.06889] (2358.02, 0.545797) (2358.02, 0.217452) (2358.03, 0.140874) (2358.02, 0.0958035) (2358.02, 7.43513e-05) 
  2443.03 [0.274425] (2443.03, 0.636045) (2443.03, 0.363955) 
  2524.25 [0.974528] (2524.24, 0.381033) (2524.25, 0.324268) (2524.25, 0.234834) (2524.24, 0.0584605) (2524.25, 0.00137577) (2524.25, 2.8872e-05) 
  2920.37 [1.2251] (2920.37, 0.473667) (2920.38, 0.232188) (2920.37, 0.15404) (2920.37, 0.13796) (2920.36, 0.00193869) (2920.36, 0.00020642) 
  3031.44 [0.961057] (3031.44, 0.51984) (3031.43, 0.390294) (3031.43, 0.0819812) (3031.43, 0.00369052) (3031.43, 0.00274943) (3031.43, 0.00144464) 
  5426.47 [0.364638] (5426.47, 0.999928) (5426.48, 7.21293e-05) 
