[ErrorEstimator] iterations:0 error:1e-06
[ErrorEstimator] iterations:1 error:1.05137e-06
  1393.67 [0.622736] (1393.67, 0.507675) (1393.67, 0.182455) (1393.67, 0.155961) (1393.67, 0.105193) (1393.67, 0.0195089) (1393.67, 0.0156863) (1393.68, 0.00664177) (1393.67, 0.00340623) (1393.68, 0.00228138) (1393.68, 0.00117038) (1393.67, 2.14531e-05) 
  1923.8 [0.809166] (1923.8, 1) 
  2078.03 [0.682306] (2078.03, 0.421425) (2078.03, 0.223063) (2078.03, 0.150837) (2078.03, 0.115936) (2078.03, 0.087425) (2078.02, 0.000727915) (2078.04, 0.000490891) (2078.04, 7.51633e-05) (2078.04, 1.9498e-05) (2078.02, 4.42673e-07) 
  2271.1 [0.293009] (2271.1, 0.959503) (2271.1, 0.0252339) (2271.11, 0.0102808) (2271.11, 0.00380544) (2271.09, 0.00102198) (2271.11, 8.19219e-05) (2271.09, 7.07558e-05) (2271.09, 2.50508e-06) 
  2358.02 [1.36594] (2358.02, 0.356514) (2358.02, 0.265839) (2358.02, 0.262682) (2358.03, 0.109926) (2358.02, 0.00502761) (2358.03, 1.05777e-05) 
  2443.03 [0.672289] (2443.03, 0.628129) (2443.03, 0.371871) 
  2524.24 [1.3478] (2524.24, 0.380181) (2524.25, 0.264854) (2524.25, 0.219958) (2524.24, 0.13018) (2524.25, 0.00389465) (2524.24, 0.000482179) (2524.25, 0.000317052) (2524.23, 0.000134229) 
  2920.37 [1.90085] (2920.37, 0.508031) (2920.37, 0.216787) (2920.38, 0.120309) (2920.37, 0.0759299) (2920.36, 0.0579916) (2920.36, 0.0209492) (2920.35, 2.32682e-06) 
  3031.43 [0.935474] (3031.43, 0.477353) (3031.43, 0.217682) (3031.44, 0.179514) (3031.43, 0.0551853) (3031.43, 0.0420598) (3031.43, 0.0281917) (3031.42, 8.53958e-06) (3031.45, 5.7852e-06) 
  5426.46 [2.42423] (5426.47, 0.999695) (5426.48, 0.000304642) 
[ErrorEstimator] iterations:2 error:1.07694e-06
  1393.67 [0.693438] (1393.67, 0.495218) (1393.67, 0.179803) (1393.67, 0.16216) (1393.67, 0.102266) (1393.67, 0.0243039) (1393.67, 0.019004) (1393.68, 0.00786507) (1393.67, 0.0045924) (1393.68, 0.0029913) (1393.68, 0.00174712) (1393.67, 4.389e-05) (1393.67, 5.65158e-06) 
  1923.8 [0.809166] (1923.8, 1) 
  2078.03 [0.770899] (2078.03, 0.407165) (2078.03, 0.218106) (2078.03, 0.147286) (2078.03, 0.135332) (2078.03, 0.0899228) (2078.02, 0.00110629) (2078.04, 0.000884056) (2078.04, 0.00015153) (2078.04, 4.47043e-05) (2078.02, 1.3629e-06) 
  2271.1 [0.398269] (2271.1, 0.945031) (2271.1, 0.0329094) (2271.11, 0.0136722) (2271.11, 0.00634982) (2271.09, 0.00169369) (2271.11, 0.000172696) (2271.09, 0.000161588) (2271.09, 7.36365e-06) (2271.11, 1.85057e-06) 
  2358.02 [1.39697] (2358.02, 0.354653) (2358.02, 0.271955) (2358.02, 0.251828) (2358.03, 0.11451) (2358.02, 0.00702789) (2358.03, 2.66109e-05) 
  2443.03 [0.684725] (2443.03, 0.61638) (2443.03, 0.383615) (2443.04, 4.74135e-06) 
  2524.24 [1.43321] (2524.24, 0.355886) (2524.25, 0.274152) (2524.25, 0.23673) (2524.24, 0.126339) (2524.25, 0.00528152) (2524.24, 0.000797978) (2524.25, 0.000546099) (2524.23, 0.000268085) 
  2920.37 [1.98648] (2920.37, 0.486305) (2920.37, 0.210676) (2920.38, 0.132117) (2920.37, 0.081551) (2920.36, 0.0639058) (2920.36, 0.0254389) (2920.35, 6.73103e-06) 
  3031.43 [0.994795] (3031.43, 0.464904) (3031.43, 0.219821) (3031.44, 0.172834) (3031.43, 0.0635169) (3031.43, 0.0465029) (3031.43, 0.0323816) (3031.42, 2.26861e-05) (3031.45, 1.59501e-05) (3031.45, 1.6762e-06) 
  5426.46 [2.42996] (5426.47, 0.999341) (5426.48, 0.000658926) 
[ErrorEstimator] iterations:3 error:1.08968e-06
  1393.67 [0.729634] (1393.67, 0.489207) (1393.67, 0.17843) (1393.67, 0.164808) (1393.67, 0.100873) (1393.67, 0.0267712) (1393.67, 0.0206747) (1393.68, 0.00847011) (1393.67, 0.00523975) (1393.68, 0.00337088) (1393.68, 0.00208586) (1393.67, 6.02931e-05) (1393.67, 9.56518e-06) 
  1923.8 [0.809166] (1923.8, 1) 
  2078.03 [0.815508] (2078.03, 0.400398) (2078.03, 0.215626) (2078.03, 0.145523) (2078.03, 0.144773) (2078.03, 0.0909271) (2078.02, 0.001331) (2078.04, 0.00114711) (2078.04, 0.000206745) (2078.04, 6.4589e-05) (2078.02, 2.24527e-06) (2078.02, 1.41041e-06) 
  2271.1 [0.458601] (2271.1, 0.936966) (2271.1, 0.0369728) (2271.11, 0.0154945) (2271.11, 0.00796107) (2271.09, 0.00211702) (2271.11, 0.000240265) (2271.09, 0.000232968) (2271.09, 1.18791e-05) (2271.11, 3.1852e-06) 
  2358.02 [1.41252] (2358.02, 0.35365) (2358.02, 0.274585) (2358.02, 0.247018) (2358.03, 0.116553) (2358.02, 0.00815395) (2358.03, 4.0107e-05) 
  2443.03 [0.690342] (2443.03, 0.611104) (2443.03, 0.388888) (2443.04, 8.16753e-06) 
  2524.24 [1.47377] (2524.24, 0.34511) (2524.25, 0.278021) (2524.25, 0.244273) (2524.24, 0.124499) (2524.25, 0.00604046) (2524.24, 0.000997262) (2524.25, 0.000694732) (2524.23, 0.000364283) 
  2920.37 [2.02675] (2920.37, 0.476293) (2920.37, 0.207731) (2920.38, 0.137554) (2920.37, 0.0840724) (2920.36, 0.0666396) (2920.36, 0.0276987) (2920.35, 1.07864e-05) 
  3031.43 [1.02331] (3031.43, 0.459035) (3031.43, 0.220573) (3031.44, 0.16978) (3031.43, 0.0675565) (3031.43, 0.0485834) (3031.43, 0.0344096) (3031.42, 3.50156e-05) (3031.45, 2.5029e-05) (3031.45, 2.92354e-06) 
  5426.46 [2.43434] (5426.47, 0.999071) (5426.48, 0.000928861) 
[ErrorEstimator] iterations:4 error:1.09604e-06
  1393.67 [0.747874] (1393.67, 0.48626) (1393.67, 0.177736) (1393.67, 0.166028) (1393.67, 0.100194) (1393.67, 0.0280142) (1393.67, 0.0215081) (1393.68, 0.00876938) (1393.67, 0.0055749) (1393.68, 0.00356554) (1393.68, 0.00226731) (1393.67, 7.00278e-05) (1393.67, 1.226e-05) 
  1923.8 [0.809166] (1923.8, 1) 
  2078.03 [0.837835] (2078.03, 0.397108) (2078.03, 0.214392) (2078.03, 0.149407) (2078.03, 0.144649) (2078.03, 0.0913745) (2078.02, 0.00145196) (2078.04, 0.00129682) (2078.04, 0.000239337) (2078.04, 7.68209e-05) (2078.02, 2.84122e-06) (2078.02, 1.86325e-06) 
  2271.1 [0.490639] (2271.1, 0.932744) (2271.1, 0.0390442) (2271.11, 0.0164299) (2271.11, 0.00885413) (2271.09, 0.00235112) (2271.11, 0.000280679) (2271.09, 0.000276773) (2271.09, 1.4882e-05) (2271.11, 4.11434e-06) 
  2358.02 [1.42031] (2358.02, 0.353136) (2358.02, 0.275804) (2358.02, 0.244749) (2358.03, 0.117517) (2358.02, 0.00874574) (2358.03, 4.86747e-05) 
  2443.03 [0.693024] (2443.03, 0.608603) (2443.03, 0.391387) (2443.04, 1.05587e-05) 
  2524.24 [1.4936] (2524.24, 0.340032) (2524.25, 0.279782) (2524.25, 0.247844) (2524.24, 0.123601) (2524.25, 0.00643391) (2524.24, 0.00110764) (2524.25, 0.000778136) (2524.23, 0.000420913) 
  2920.37 [2.04624] (2920.37, 0.471496) (2920.37, 0.206293) (2920.38, 0.140157) (2920.37, 0.0852645) (2920.36, 0.0679506) (2920.36, 0.0288259) (2920.35, 1.34728e-05) 
  3031.43 [1.03727] (3031.43, 0.456191) (3031.43, 0.220881) (3031.44, 0.168321) (3031.43, 0.0695376) (3031.43, 0.0495874) (3031.43, 0.0354035) (3031.42, 4.29719e-05) (3031.45, 3.09568e-05) (3031.45, 3.80102e-06) 
  5426.46 [2.43698] (5426.47, 0.998908) (5426.48, 0.00109233) 
[ErrorEstimator] iterations:5 error:1.09922e-06
  1393.67 [0.757024] (1393.67, 0.484801) (1393.67, 0.177388) (1393.67, 0.166613) (1393.67, 0.0998593) (1393.67, 0.0286373) (1393.67, 0.0219239) (1393.68, 0.00891809) (1393.67, 0.00574513) (1393.68, 0.00366396) (1393.68, 0.00236099) (1393.67, 7.53089e-05) (1393.67, 1.38316e-05) 
  1923.8 [0.809166] (1923.8, 1) 
  2078.03 [0.849027] (2078.03, 0.395486) (2078.03, 0.213777) (2078.03, 0.151701) (2078.03, 0.144214) (2078.03, 0.0915853) (2078.02, 0.00151457) (2078.04, 0.0013764) (2078.04, 0.000256972) (2078.04, 8.35729e-05) (2078.02, 3.18549e-06) (2078.02, 2.13319e-06) (2078.04, 6.39067e-07) 
  2271.1 [0.507121] (2271.1, 0.930588) (2271.1, 0.0400881) (2271.11, 0.0169028) (2271.11, 0.00932277) (2271.09, 0.00247384) (2271.11, 0.000302682) (2271.09, 0.000300923) (2271.09, 1.66034e-05) (2271.11, 4.65905e-06) 
  2358.02 [1.42422] (2358.02, 0.352876) (2358.02, 0.27639) (2358.02, 0.243647) (2358.03, 0.117985) (2358.02, 0.00904855) (2358.03, 5.34777e-05) 
  2443.03 [0.694337] (2443.03, 0.607384) (2443.03, 0.392604) (2443.04, 1.19626e-05) 
  2524.24 [1.50342] (2524.24, 0.337566) (2524.25, 0.280622) (2524.25, 0.24958) (2524.24, 0.123158) (2524.25, 0.00663389) (2524.24, 0.00116555) (2524.25, 0.000822175) (2524.23, 0.000451515) 
  2920.37 [2.05582] (2920.37, 0.469147) (2920.37, 0.205582) (2920.38, 0.141431) (2920.37, 0.0858441) (2920.36, 0.0685924) (2920.36, 0.0293883) (2920.35, 1.50102e-05) 
  3031.43 [1.04418] (3031.43, 0.454792) (3031.43, 0.22102) (3031.44, 0.167608) (3031.43, 0.0705182) (3031.43, 0.0500804) (3031.43, 0.0358952) (3031.42, 4.74678e-05) (3031.45, 3.43256e-05) (3031.45, 4.31819e-06) 
  5426.46 [2.43843] (5426.47, 0.998818) (5426.48, 0.00118189) 
[ErrorEstimator] iterations:6 error:1.10081e-06
  1393.67 [0.761609] (1393.67, 0.484075) (1393.67, 0.177213) (1393.67, 0.1669) (1393.67, 0.0996927) (1393.67, 0.0289494) (1393.67, 0.0221316) (1393.68, 0.00899225) (1393.67, 0.00583094) (1393.68, 0.00371346) (1393.68, 0.0024086) (1393.67, 7.80586e-05) (1393.67, 1.46797e-05) 
  1923.8 [0.809166] (1923.8, 1) 
  2078.03 [0.854621] (2078.03, 0.394679) (2078.03, 0.21347) (2078.03, 0.152843) (2078.03, 0.143997) (2078.03, 0.0916876) (2078.02, 0.00154641) (2078.04, 0.00141743) (2078.04, 0.000266142) (2078.04, 8.71187e-05) (2078.02, 3.37039e-06) (2078.02, 2.28043e-06) (2078.04, 6.85203e-07) 
  2271.1 [0.515483] (2271.1, 0.929497) (2271.1, 0.0406123) (2271.11, 0.0171407) (2271.11, 0.0095628) (2271.09, 0.00253666) (2271.11, 0.000314158) (2271.09, 0.000313596) (2271.09, 1.75244e-05) (2271.11, 4.95371e-06) 
  2358.02 [1.42618] (2358.02, 0.352745) (2358.02, 0.276678) (2358.02, 0.243103) (2358.03, 0.118216) (2358.02, 0.00920175) (2358.03, 5.60193e-05) 
  2443.03 [0.694986] (2443.03, 0.606783) (2443.03, 0.393205) (2443.04, 1.27227e-05) 
  2524.24 [1.50831] (2524.24, 0.33635) (2524.25, 0.281033) (2524.25, 0.250437) (2524.24, 0.122938) (2524.25, 0.00673473) (2524.24, 0.00119522) (2524.25, 0.000844802) (2524.23, 0.000467418) 
  2920.37 [2.06057] (2920.37, 0.467984) (2920.37, 0.205229) (2920.38, 0.142061) (2920.37, 0.08613) (2920.36, 0.0689101) (2920.36, 0.0296694) (2920.35, 1.5832e-05) 
  3031.43 [1.04762] (3031.43, 0.454098) (3031.43, 0.221086) (3031.44, 0.167255) (3031.43, 0.0710062) (3031.43, 0.0503249) (3031.43, 0.0361399) (3031.42, 4.98561e-05) (3031.45, 3.61202e-05) (3031.45, 4.5987e-06) 
  5426.46 [2.43919] (5426.47, 0.998771) (5426.48, 0.00122876) 
[ErrorEstimator] iterations:7 error:1.1016e-06
  1393.67 [0.763905] (1393.67, 0.483713) (1393.67, 0.177126) (1393.67, 0.167042) (1393.67, 0.0996096) (1393.67, 0.0291057) (1393.67, 0.0222355) (1393.68, 0.0090293) (1393.67, 0.00587404) (1393.68, 0.00373829) (1393.68, 0.0024326) (1393.67, 7.94619e-05) (1393.67, 1.51202e-05) 
  1923.8 [0.809166] (1923.8, 1) 
  2078.03 [0.857421] (2078.03, 0.394277) (2078.03, 0.213316) (2078.03, 0.153413) (2078.03, 0.143888) (2078.03, 0.0917381) (2078.02, 0.00156248) (2078.04, 0.00143826) (2078.04, 0.000270818) (2078.04, 8.89358e-05) (2078.02, 3.46621e-06) (2078.02, 2.35733e-06) (2078.04, 7.0935e-07) 
  2271.1 [0.519696] (2271.1, 0.928949) (2271.1, 0.040875) (2271.11, 0.01726) (2271.11, 0.0096843) (2271.09, 0.00256845) (2271.09, 0.000320088) (2271.11, 0.000320019) (2271.09, 1.80007e-05) (2271.11, 5.10696e-06) 
  2358.02 [1.42716] (2358.02, 0.35268) (2358.02, 0.276821) (2358.02, 0.242833) (2358.03, 0.11833) (2358.02, 0.00927883) (2358.03, 5.73268e-05) 
  2443.03 [0.69531] (2443.03, 0.606483) (2443.03, 0.393503) (2443.04, 1.31182e-05) 
  2524.24 [1.51075] (2524.24, 0.335746) (2524.25, 0.281236) (2524.25, 0.250863) (2524.24, 0.122828) (2524.25, 0.00678538) (2524.24, 0.00121024) (2524.25, 0.000856273) (2524.23, 0.000475526) 
  2920.37 [2.06294] (2920.37, 0.467406) (2920.37, 0.205053) (2920.38, 0.142375) (2920.37, 0.0862721) (2920.36, 0.0690683) (2920.36, 0.0298099) (2920.35, 1.6257e-05) 
  3031.43 [1.04933] (3031.43, 0.453751) (3031.43, 0.221118) (3031.44, 0.167079) (3031.43, 0.0712498) (3031.43, 0.0504467) (3031.43, 0.036262) (3031.42, 5.10871e-05) (3031.45, 3.70466e-05) (3031.45, 4.74479e-06) 
  5426.46 [2.43958] (5426.47, 0.998747) (5426.48, 0.00125273) 
[ErrorEstimator] iterations:8 error:1.102e-06
  1393.67 [0.765055] (1393.67, 0.483531) (1393.67, 0.177082) (1393.67, 0.167113) (1393.67, 0.0995681) (1393.67, 0.0291839) (1393.67, 0.0222875) (1393.68, 0.00904782) (1393.67, 0.00589564) (1393.68, 0.00375074) (1393.68, 0.00244466) (1393.67, 8.01711e-05) (1393.67, 1.53448e-05) 
  1923.8 [0.809166] (1923.8, 1) 
  2078.03 [0.858823] (2078.03, 0.394077) (2078.03, 0.213239) (2078.03, 0.153698) (2078.03, 0.143834) (2078.03, 0.0917631) (2078.02, 0.00157056) (2078.04, 0.00144876) (2078.04, 0.000273181) (2078.04, 8.98561e-05) (2078.02, 3.51501e-06) (2078.02, 2.39664e-06) (2078.04, 7.21709e-07) 
  2271.1 [0.521811] (2271.1, 0.928674) (2271.1, 0.0410066) (2271.11, 0.0173198) (2271.11, 0.00974545) (2271.09, 0.00258445) (2271.09, 0.000323376) (2271.11, 0.000322983) (2271.09, 1.82431e-05) (2271.11, 5.18515e-06) 
  2358.02 [1.42765] (2358.02, 0.352647) (2358.02, 0.276892) (2358.02, 0.242698) (2358.03, 0.118387) (2358.02, 0.00931751) (2358.03, 5.79902e-05) 
  2443.03 [0.695471] (2443.03, 0.606334) (2443.03, 0.393652) (2443.04, 1.332e-05) 
  2524.24 [1.51197] (2524.24, 0.335444) (2524.25, 0.281337) (2524.25, 0.251076) (2524.24, 0.122773) (2524.25, 0.00681078) (2524.24, 0.00121779) (2524.25, 0.000862051) (2524.23, 0.000479622) 
  2920.37 [2.06413] (2920.37, 0.467117) (2920.37, 0.204965) (2920.38, 0.142531) (2920.37, 0.086343) (2920.36, 0.0691472) (2920.36, 0.0298802) (2920.35, 1.64731e-05) 
  3031.43 [1.05019] (3031.43, 0.453578) (3031.43, 0.221134) (3031.44, 0.166992) (3031.43, 0.0713716) (3031.43, 0.0505075) (3031.43, 0.036323) (3031.42, 5.17124e-05) (3031.45, 3.75174e-05) (3031.45, 4.81938e-06) 
  5426.46 [2.43978] (5426.47, 0.998735) (5426.48, 0.00126486) 
[ErrorEstimator] iterations:9 error:1.1022e-06
  1393.67 [0.76563] (1393.67, 0.483441) (1393.67, 0.17706) (1393.67, 0.167148) (1393.67, 0.0995473) (1393.67, 0.029223) (1393.67, 0.0223135) (1393.68, 0.00905709) (1393.67, 0.00590647) (1393.68, 0.00375697) (1393.68, 0.00245071) (1393.67, 8.05278e-05) (1393.67, 1.54582e-05) 
  1923.8 [0.809166] (1923.8, 1) 
  2078.03 [0.859524] (2078.03, 0.393976) (2078.03, 0.213201) (2078.03, 0.15384) (2078.03, 0.143807) (2078.03, 0.0917756) (2078.02, 0.00157461) (2078.04, 0.00145404) (2078.04, 0.000274369) (2078.04, 9.03195e-05) (2078.02, 3.53965e-06) (2078.02, 2.41653e-06) (2078.04, 7.27965e-07) 
  2271.1 [0.522872] (2271.1, 0.928536) (2271.1, 0.0410725) (2271.11, 0.0173498) (2271.11, 0.00977615) (2271.09, 0.00259248) (2271.09, 0.000325031) (2271.11, 0.000324474) (2271.09, 1.83654e-05) (2271.11, 5.22467e-06) 
  2358.02 [1.42789] (2358.02, 0.352631) (2358.02, 0.276927) (2358.02, 0.242631) (2358.03, 0.118416) (2358.02, 0.0093369) (2358.03, 5.83246e-05) 
  2443.03 [0.695552] (2443.03, 0.60626) (2443.03, 0.393727) (2443.04, 1.34221e-05) 
  2524.24 [1.51258] (2524.24, 0.335294) (2524.25, 0.281387) (2524.25, 0.251182) (2524.24, 0.122746) (2524.25, 0.0068235) (2524.24, 0.00122159) (2524.25, 0.000864953) (2524.23, 0.000481681) 
  2920.37 [2.06472] (2920.37, 0.466972) (2920.37, 0.204921) (2920.38, 0.142609) (2920.37, 0.0863784) (2920.36, 0.0691867) (2920.36, 0.0299154) (2920.35, 1.65822e-05) 
  3031.43 [1.05062] (3031.43, 0.453492) (3031.43, 0.221142) (3031.44, 0.166948) (3031.43, 0.0714325) (3031.43, 0.050538) (3031.43, 0.0363535) (3031.42, 5.20276e-05) (3031.45, 3.77549e-05) (3031.45, 4.85708e-06) 
  5426.46 [2.43987] (5426.47, 0.998729) (5426.48, 0.00127097) 
[ErrorEstimator] iterations:10 error:1.1023e-06
  1393.67 [0.765918] (1393.67, 0.483395) (1393.67, 0.177049) (1393.67, 0.167166) (1393.67, 0.099537) (1393.67, 0.0292426) (1393.67, 0.0223265) (1393.68, 0.00906173) (1393.67, 0.00591189) (1393.68, 0.00376009) (1393.68, 0.00245374) (1393.67, 8.07068e-05) (1393.67, 1.55153e-05) 
  1923.8 [0.809166] (1923.8, 1) 
  2078.03 [0.859875] (2078.03, 0.393926) (2078.03, 0.213182) (2078.03, 0.153912) (2078.03, 0.143793) (2078.03, 0.0917818) (2078.02, 0.00157663) (2078.04, 0.00145669) (2078.04, 0.000274966) (2078.04, 9.05522e-05) (2078.02, 3.55204e-06) (2078.02, 2.42654e-06) (2078.04, 7.31114e-07) 
  2271.1 [0.523403] (2271.1, 0.928467) (2271.1, 0.0411055) (2271.11, 0.0173648) (2271.11, 0.00979154) (2271.09, 0.0025965) (2271.09, 0.000325862) (2271.11, 0.000325222) (2271.09, 1.84269e-05) (2271.11, 5.24454e-06) 
  2358.02 [1.42802] (2358.02, 0.352622) (2358.02, 0.276945) (2358.02, 0.242597) (2358.03, 0.11843) (2358.02, 0.00934661) (2358.03, 5.84926e-05) 
  2443.03 [0.695593] (2443.03, 0.606222) (2443.03, 0.393764) (2443.04, 1.34734e-05) 
  2524.24 [1.51288] (2524.24, 0.335218) (2524.25, 0.281412) (2524.25, 0.251235) (2524.24, 0.122732) (2524.25, 0.00682988) (2524.24, 0.00122349) (2524.25, 0.000866408) (2524.23, 0.000482715) 
  2920.37 [2.06501] (2920.37, 0.4669) (2920.37, 0.204899) (2920.38, 0.142648) (2920.37, 0.0863961) (2920.36, 0.0692065) (2920.36, 0.029933) (2920.35, 1.6637e-05) 
  3031.43 [1.05084] (3031.43, 0.453449) (3031.43, 0.221146) (3031.44, 0.166926) (3031.43, 0.0714629) (3031.43, 0.0505532) (3031.43, 0.0363688) (3031.42, 5.2186e-05) (3031.45, 3.78742e-05) (3031.45, 4.87605e-06) 
  5426.46 [2.43992] (5426.47, 0.998726) (5426.48, 0.00127403) 
