PAGE_ESI
NRAW 1010
NINPUTS 5
NH1 25
NCLASSES 2
FEATURES 8    180    196    197    877
MEANS   2.888510e-01   5.961470e+01   3.785800e+00   2.399070e-01    8.012930e-01 
SDEVS  5.464260e-01   1.883890e+01   1.289050e+00   9.622960e-02    5.286110e-03  
xH1 
	  9.664130e-01  -2.073000e+00   1.936540e+00   2.806100e+00    1.969340e-01   2.363010e+00 
	  1.744380e-01   5.033600e-01   7.692110e-01   5.694600e-01    2.917940e-01  -8.948790e-01 
	 -4.449080e-01  -2.001100e+00   2.898790e+00   1.520060e+00   -2.311430e+00  -3.255820e-01 
	  2.320070e+00  -4.740530e-01  -8.516830e-01  -3.447770e-01   -1.663640e+00  -2.203700e+00 
	  8.574430e-03  -2.646000e-01  -7.458790e-02  -4.031550e-01   -6.994400e-01  -1.778430e+00 
	  1.348380e-01   5.891360e-01   8.628270e-01   5.172830e-01    2.339380e-01  -8.564700e-01 
	  1.016750e-01   8.536780e-01   1.024100e+00   6.185990e-01   -8.397410e-02  -8.472230e-01 
	 -1.492170e+00   2.961060e+00   9.763140e-01  -3.390380e-01   -3.365920e-01  -1.662130e+00 
	 -6.763610e-01   1.454000e+00  -1.394610e+00  -1.137930e+00   -7.391850e-01  -1.269200e+00 
	  6.572010e-02   3.122700e-01   5.887400e-01   2.427470e-01   8.571180e-02  -1.168900e+00 
	 -2.958610e-01   1.977210e+00   1.538140e+00   2.227390e-01  -8.530880e-01  -1.391860e+00 
	 -8.815170e-01   2.365060e+00   1.069570e+00  -1.194390e-01   -6.310630e-01  -1.471860e+00 
	 -1.620890e-01   1.763690e-01   4.248960e-01   1.243970e-01   -1.907440e-01  -1.249020e+00 
	  5.768090e-01   2.020740e-01   1.460000e+00   8.403810e-01   -3.250750e-01  -1.045360e+00 
	 -5.786940e-02   1.298970e-01   3.231750e-01   7.460750e-02   -2.640520e-01  -1.314740e+00 
	 -1.254050e+00   2.126150e+00   2.413220e+00   1.769070e-01   -1.529100e+00  -1.610610e+00 
	 -1.441300e+00   4.319860e+00   2.004010e+00  -2.238180e+00   -6.685490e-01   2.461320e+00 
	  4.446830e-01   3.247470e-01   5.035780e-01   5.936180e-01    6.678110e-01  -1.047960e+00 
	  7.478660e-01  -5.909880e-01   7.575070e-01   7.819930e-01    7.605510e-01  -1.379950e+00 
	  2.730730e-01   2.572910e-01   9.233000e-01   6.444330e-01    2.747750e-01  -9.227570e-01 
	 -1.496890e+00  -2.933890e+00   1.800200e+00   1.945870e+00    5.991350e-01  -1.739720e+00 
	  9.505020e-01   9.165850e-03   1.710880e+00   9.994950e-01   -4.132760e-01  -1.327670e+00 
	  2.162920e+00  -6.344830e-01  -9.649460e-01   3.023230e-01   -1.581770e+00  -1.445210e+00 
	  1.704450e-01  -3.564510e-01  -4.798970e-01  -2.177610e-01   -1.304330e+00  -1.947230e+00 
	  3.647720e-01   1.400550e-01   7.302540e-01   5.855990e-01    5.432110e-01  -9.999970e-01 
	  2.789170e-02   5.194700e-02  -8.130390e-02  -7.301950e-02    4.042020e-03  -8.435360e-02 
H1y
	 -1.231460e+00  -1.219260e-01  -1.277330e+00   9.001370e-01 
   4.564730e-01  -3.854360e-03  -1.810300e-01  -1.481480e+00 
   9.530580e-01  -2.666800e-04  -8.807170e-01  -1.081200e+00 
   1.823110e-01  -4.635100e-01   2.410850e-01  -1.467440e+00 
  -2.487810e+00  -2.820110e-01  -6.884450e-01  -1.780190e-01 
  -1.410050e+00  -7.604860e-01   8.874690e-01   6.898720e-01 
  -3.361540e-01   1.726620e+00 
	  1.228990e+00   4.250980e-02   1.288130e+00  -9.550510e-01 
  -4.742840e-01   1.050930e-01   5.838400e-02   1.492850e+00 
  -9.506170e-01  -1.011820e-02   9.987710e-01   1.024790e+00 
  -2.182940e-01   4.112790e-01  -1.395510e-01   1.450970e+00 
   2.496030e+00   4.056200e-01   7.547990e-01   1.420890e-01 
   1.400880e+00   8.085120e-01  -8.454600e-01  -6.893030e-01 
   2.168470e-01  -1.733620e+00 
	  7.778970e-02  -8.460110e-02   2.994140e-02  -5.039120e-02 
   2.589590e-02  -5.417260e-02   4.012400e-02  -3.662660e-02 
  -3.424460e-02  -5.371440e-02  -8.516780e-02   2.661440e-02 
  -5.526870e-02   3.022640e-02   2.137200e-03   9.429310e-02 
  -4.399160e-02   9.221370e-03   4.385370e-02  -7.734390e-02 
  -5.703310e-03   1.850800e-02   8.886360e-02  -9.816490e-03 
  -3.272980e-02   6.953690e-02 
