[ErrorEstimator] iterations:0 error:1.11809e-06
[ErrorEstimator] iterations:1 error:1.09498e-06
  982.472 [0.756449] (982.472, 0.776733) (982.473, 0.102883) (982.469, 0.0653446) (982.473, 0.0436275) (982.473, 0.01108) (982.476, 0.000332175) 
  1263.54 [3.64971] (1263.54, 0.895421) (1263.55, 0.0908806) (1263.55, 0.0117298) (1263.54, 0.00120982) (1263.55, 0.000688885) (1263.55, 6.9478e-05) 
  1352.65 [0.952755] (1352.65, 0.278052) (1352.65, 0.269946) (1352.65, 0.216995) (1352.65, 0.161961) (1352.65, 0.0575543) (1352.65, 0.00843823) (1352.65, 0.00701316) (1352.66, 2.54946e-05) (1352.64, 1.45221e-05) 
  1472.73 [1.04779] (1472.73, 0.717452) (1472.73, 0.0934879) (1472.73, 0.056443) (1472.73, 0.0499011) (1472.74, 0.0311888) (1472.73, 0.0270844) (1472.74, 0.0117522) (1472.74, 0.00953158) (1472.74, 0.00311338) (1472.73, 2.50827e-05) (1472.74, 1.81233e-05) (1472.74, 2.91906e-06) 
  1533.57 [0.0697673] (1533.57, 1) 
  1554.68 [0.866646] (1554.68, 0.590203) (1554.68, 0.160404) (1554.68, 0.134546) (1554.68, 0.0832289) (1554.68, 0.0266437) (1554.67, 0.00493205) (1554.68, 3.74995e-05) (1554.69, 4.06358e-06) 
  1590.78 [1.37125] (1590.78, 0.32198) (1590.78, 0.231596) (1590.78, 0.145965) (1590.78, 0.0939822) (1590.78, 0.0938365) (1590.78, 0.0520006) (1590.79, 0.0341783) (1590.79, 0.0257822) (1590.79, 0.000565775) (1590.77, 7.32072e-05) (1590.79, 4.01376e-05) 
  1849.76 [0.120828] (1849.76, 0.986975) (1849.76, 0.0129865) (1849.77, 2.59543e-05) (1849.77, 1.26476e-05) 
  1927.96 [1.99445] (1927.96, 0.470417) (1927.96, 0.18239) (1927.95, 0.171687) (1927.95, 0.116948) (1927.96, 0.0332478) (1927.95, 0.0167166) (1927.96, 0.00491092) (1927.95, 0.0021033) (1927.95, 0.0015734) (1927.97, 6.64077e-06) 
  1946.94 [1.16009] (1946.94, 0.343054) (1946.94, 0.291412) (1946.94, 0.0930099) (1946.94, 0.0749815) (1946.94, 0.0709442) (1946.94, 0.0635523) (1946.94, 0.0299723) (1946.93, 0.0143165) (1946.94, 0.0120215) (1946.95, 0.0046942) (1946.93, 0.00175472) (1946.95, 0.000282234) (1946.93, 4.34793e-06) 
[ErrorEstimator] iterations:2 error:1.07341e-06
  982.472 [0.726084] (982.472, 0.784774) (982.473, 0.101431) (982.469, 0.0610388) (982.473, 0.0419783) (982.473, 0.0105382) (982.476, 0.000239399) 
  1263.54 [3.63409] (1263.54, 0.897742) (1263.55, 0.09031) (1263.55, 0.0103702) (1263.54, 0.000999938) (1263.55, 0.000530411) (1263.55, 4.79164e-05) 
  1352.65 [0.905741] (1352.65, 0.282337) (1352.65, 0.273759) (1352.65, 0.218021) (1352.65, 0.158748) (1352.65, 0.0539771) (1352.65, 0.00711947) (1352.65, 0.00601243) (1352.66, 1.64734e-05) (1352.64, 9.40085e-06) 
  1472.73 [0.957354] (1472.73, 0.729802) (1472.73, 0.0947249) (1472.73, 0.0507357) (1472.73, 0.0492253) (1472.74, 0.0281549) (1472.73, 0.0252718) (1472.74, 0.0108996) (1472.74, 0.00850618) (1472.74, 0.00264895) (1472.73, 1.67079e-05) (1472.74, 1.21683e-05) (1472.74, 1.81304e-06) 
  1533.57 [0.0697673] (1533.57, 1) 
  1554.68 [0.814714] (1554.68, 0.598663) (1554.68, 0.153908) (1554.68, 0.135167) (1554.68, 0.0843751) (1554.68, 0.0236802) (1554.67, 0.00417768) (1554.68, 2.73669e-05) (1554.69, 2.57388e-06) 
  1590.78 [1.29213] (1590.78, 0.329328) (1590.78, 0.236459) (1590.78, 0.148673) (1590.78, 0.089644) (1590.78, 0.0875699) (1590.78, 0.0522051) (1590.79, 0.0321609) (1590.79, 0.0234537) (1590.79, 0.000428621) (1590.77, 5.0142e-05) (1590.79, 2.79773e-05) 
  1849.76 [0.114608] (1849.76, 0.988103) (1849.76, 0.0118703) (1849.77, 1.81986e-05) (1849.77, 8.34981e-06) 
  1927.96 [1.89258] (1927.96, 0.486075) (1927.96, 0.180996) (1927.95, 0.169936) (1927.95, 0.110557) (1927.96, 0.030683) (1927.95, 0.0149812) (1927.96, 0.00386966) (1927.95, 0.00172542) (1927.95, 0.00117329) (1927.97, 4.2613e-06) 
  1946.94 [1.11507] (1946.94, 0.348614) (1946.94, 0.294081) (1946.94, 0.093688) (1946.94, 0.0726568) (1946.94, 0.0706406) (1946.94, 0.0629841) (1946.94, 0.0274501) (1946.93, 0.0129266) (1946.94, 0.0110971) (1946.95, 0.00416286) (1946.93, 0.00149214) (1946.95, 0.000204319) (1946.93, 2.73131e-06) 
[ErrorEstimator] iterations:3 error:1.05331e-06
  982.472 [0.69778] (982.472, 0.79244) (982.473, 0.0999617) (982.469, 0.0570196) (982.473, 0.0403839) (982.473, 0.0100219) (982.476, 0.000172903) 
  1263.54 [3.62082] (1263.54, 0.89983) (1263.55, 0.0897257) (1263.55, 0.00917494) (1263.54, 0.000827526) (1263.55, 0.000409151) (1263.55, 3.31367e-05) 
  1352.65 [0.86338] (1352.65, 0.286435) (1352.65, 0.277386) (1352.65, 0.218877) (1352.65, 0.155507) (1352.65, 0.05061) (1352.65, 0.00601046) (1352.65, 0.00515697) (1352.66, 1.06736e-05) (1352.64, 6.10228e-06) 
  1472.73 [0.875148] (1472.73, 0.741181) (1472.73, 0.0958283) (1472.73, 0.0484932) (1472.73, 0.045578) (1472.74, 0.0254) (1472.73, 0.0235592) (1472.74, 0.0101002) (1472.74, 0.00758695) (1472.74, 0.00225343) (1472.73, 1.11494e-05) (1472.74, 8.18415e-06) 
  1533.57 [0.0697673] (1533.57, 1) 
  1554.68 [0.767202] (1554.68, 0.606663) (1554.68, 0.1476) (1554.68, 0.135671) (1554.68, 0.0854558) (1554.68, 0.0210484) (1554.67, 0.00354043) (1554.68, 2.00058e-05) (1554.69, 1.6349e-06) 
  1590.78 [1.21796] (1590.78, 0.336346) (1590.78, 0.241071) (1590.78, 0.151213) (1590.78, 0.0854275) (1590.78, 0.0816612) (1590.78, 0.0523408) (1590.79, 0.030238) (1590.79, 0.0213241) (1590.79, 0.000325018) (1590.77, 3.44036e-05) (1590.79, 1.95324e-05) 
  1849.76 [0.10902] (1849.76, 0.989125) (1849.76, 0.0108568) (1849.77, 1.27955e-05) (1849.77, 5.53031e-06) 
  1927.96 [1.79957] (1927.96, 0.501296) (1927.96, 0.179328) (1927.95, 0.167939) (1927.95, 0.10439) (1927.96, 0.0282876) (1927.95, 0.0134155) (1927.96, 0.00304998) (1927.95, 0.00141535) (1927.95, 0.00087555) (1927.97, 2.73965e-06) 
  1946.94 [1.0739] (1946.94, 0.35396) (1946.94, 0.296536) (1946.94, 0.0942968) (1946.94, 0.0703707) (1946.94, 0.0702896) (1946.94, 0.06238) (1946.94, 0.0251395) (1946.93, 0.0116727) (1946.94, 0.0102429) (1946.95, 0.00369253) (1946.93, 0.00126957) (1946.95, 0.000148189) (1946.93, 1.72092e-06) 
[ErrorEstimator] iterations:4 error:1.0346e-06
  982.472 [0.67141] (982.472, 0.799723) (982.473, 0.0984855) (982.469, 0.0532835) (982.473, 0.0388501) (982.473, 0.00953228) (982.476, 0.000125301) 
  1263.54 [3.60953] (1263.54, 0.901713) (1263.55, 0.0891338) (1263.55, 0.00812755) (1263.54, 0.000686233) (1263.55, 0.000316516) (1263.55, 2.30111e-05) 
  1352.65 [0.825201] (1352.65, 0.290349) (1352.65, 0.280828) (1352.65, 0.21958) (1352.65, 0.152266) (1352.65, 0.0474572) (1352.65, 0.00508093) (1352.65, 0.00442827) (1352.66, 6.94662e-06) (1352.64, 3.97869e-06) 
  1472.73 [0.800851] (1472.73, 0.751616) (1472.73, 0.0968044) (1472.73, 0.0477179) (1472.73, 0.0409429) (1472.74, 0.0229125) (1472.73, 0.0219521) (1472.74, 0.00935558) (1472.74, 0.00676733) (1472.74, 0.00191812) (1472.73, 7.466e-06) (1472.74, 5.52312e-06) 
  1533.57 [0.0697673] (1533.57, 1) 
  1554.68 [0.723818] (1554.68, 0.614208) (1554.68, 0.141512) (1554.68, 0.136067) (1554.68, 0.0864717) (1554.68, 0.018721) (1554.67, 0.00300396) (1554.68, 1.46678e-05) (1554.69, 1.04326e-06) 
  1590.78 [1.14869] (1590.78, 0.343016) (1590.78, 0.245422) (1590.78, 0.153581) (1590.78, 0.0813581) (1590.78, 0.0761227) (1590.78, 0.0524124) (1590.79, 0.0284168) (1590.79, 0.0193863) (1590.79, 0.000246968) (1590.77, 2.36819e-05) (1590.79, 1.36781e-05) 
  1849.76 [0.104003] (1849.76, 0.990048) (1849.76, 0.00993946) (1849.77, 9.03332e-06) (1849.77, 3.68041e-06) 
  1927.96 [1.71439] (1927.96, 0.516038) (1927.96, 0.17743) (1927.95, 0.165743) (1927.95, 0.0984878) (1927.96, 0.0260655) (1927.95, 0.0120113) (1927.96, 0.00240712) (1927.95, 0.00116199) (1927.95, 0.000654652) 
  1946.94 [1.03628] (1946.94, 0.359087) (1946.94, 0.298786) (1946.94, 0.09484) (1946.94, 0.0698984) (1946.94, 0.0681374) (1946.94, 0.0617481) (1946.94, 0.0230322) (1946.93, 0.0105462) (1946.94, 0.00945714) (1946.95, 0.00327783) (1946.93, 0.00108155) (1946.95, 0.000107817) 
[ErrorEstimator] iterations:5 error:1.01725e-06
  982.472 [0.646894] (982.472, 0.806613) (982.473, 0.0970147) (982.469, 0.0498277) (982.473, 0.037383) (982.473, 0.00907033) (982.476, 9.1254e-05) 
  1263.54 [3.59993] (1263.54, 0.903414) (1263.55, 0.0885403) (1263.55, 0.00721304) (1263.54, 0.000570745) (1263.55, 0.000245862) (1263.55, 1.60742e-05) 
  1352.65 [0.790812] (1352.65, 0.294074) (1352.65, 0.284085) (1352.65, 0.220141) (1352.65, 0.149057) (1352.65, 0.0445219) (1352.65, 0.00430463) (1352.65, 0.00380993) (1352.66, 4.55077e-06) (1352.64, 2.61111e-06) 
  1472.73 [0.734017] (1472.73, 0.761137) (1472.73, 0.0976607) (1472.73, 0.0469132) (1472.73, 0.0368022) (1472.74, 0.0206801) (1472.73, 0.020455) (1472.74, 0.00866688) (1472.74, 0.00604076) (1472.74, 0.00163519) (1472.73, 5.02715e-06) (1472.74, 3.74746e-06) 
  1533.57 [0.0697673] (1533.57, 1) 
  1554.68 [0.68429] (1554.68, 0.621296) (1554.68, 0.136365) (1554.68, 0.135679) (1554.68, 0.0874229) (1554.68, 0.0166721) (1554.67, 0.00255404) (1554.68, 1.08025e-05) 
  1590.78 [1.08428] (1590.78, 0.34932) (1590.78, 0.249503) (1590.78, 0.155775) (1590.78, 0.0774604) (1590.78, 0.0709648) (1590.78, 0.0524253) (1590.79, 0.0267036) (1590.79, 0.0176333) (1590.79, 0.000188314) (1590.77, 1.63853e-05) (1590.79, 9.6249e-06) 
  1849.76 [0.0995061] (1849.76, 0.990879) (1849.76, 0.0091123) (1849.77, 6.4139e-06) (1849.77, 2.46579e-06) 
  1927.96 [1.63643] (1927.96, 0.530245) (1927.96, 0.175349) (1927.95, 0.163392) (1927.95, 0.0928846) (1927.96, 0.0240184) (1927.95, 0.0107595) (1927.96, 0.0019047) (1927.95, 0.000955842) (1927.95, 0.000491203) 
  1946.94 [1.00204] (1946.94, 0.363986) (1946.94, 0.300838) (1946.94, 0.0953208) (1946.94, 0.0694748) (1946.94, 0.0659715) (1946.94, 0.0610968) (1946.94, 0.0211198) (1946.93, 0.00953885) (1946.94, 0.00873814) (1946.95, 0.00291375) (1946.93, 0.0009233) (1946.95, 7.88132e-05) 
[ErrorEstimator] iterations:6 error:1.00122e-06
  982.472 [0.624188] (982.472, 0.813094) (982.473, 0.0955624) (982.469, 0.0466499) (982.473, 0.0359894) (982.473, 0.00863731) (982.476, 6.69178e-05) 
  1263.54 [3.59176] (1263.54, 0.90495) (1263.55, 0.0879517) (1263.55, 0.00641806) (1263.54, 0.000476634) (1263.55, 0.000192061) (1263.55, 1.13196e-05) 
  1352.65 [0.75977] (1352.65, 0.297605) (1352.65, 0.287155) (1352.65, 0.220576) (1352.65, 0.14591) (1352.65, 0.0418076) (1352.65, 0.00365892) (1352.65, 0.00328753) 
  1472.73 [0.67426] (1472.73, 0.769774) (1472.73, 0.0984046) (1472.73, 0.0460932) (1472.73, 0.0331275) (1472.73, 0.0190715) (1472.74, 0.0186901) (1472.74, 0.00803478) (1472.74, 0.00540075) (1472.74, 0.00139768) (1472.73, 3.41232e-06) (1472.74, 2.56276e-06) 
  1533.57 [0.0697673] (1533.57, 1) 
  1554.68 [0.648452] (1554.68, 0.627919) (1554.68, 0.136574) (1554.68, 0.130133) (1554.68, 0.088309) (1554.68, 0.0148779) (1554.67, 0.00217827) (1554.68, 8.00687e-06) 
  1590.78 [1.02477] (1590.78, 0.355238) (1590.78, 0.253304) (1590.78, 0.157792) (1590.78, 0.073759) (1590.78, 0.066197) (1590.78, 0.0523857) (1590.79, 0.0251044) (1590.79, 0.0160576) (1590.79, 0.000144341) (1590.77, 1.14216e-05) (1590.79, 6.82075e-06) 
  1849.76 [0.0954891] (1849.76, 0.991624) (1849.76, 0.00837005) (1849.77, 4.5896e-06) (1849.77, 1.66713e-06) 
  1927.96 [1.56507] (1927.96, 0.543851) (1927.96, 0.173131) (1927.95, 0.160934) (1927.95, 0.0876127) (1927.96, 0.0221471) (1927.95, 0.00965086) (1927.96, 0.00151344) (1927.95, 0.000788846) (1927.95, 0.000370552) 
  1946.94 [0.970961] (1946.94, 0.368644) (1946.94, 0.302697) (1946.94, 0.0957427) (1946.94, 0.0690272) (1946.94, 0.0638882) (1946.94, 0.0604354) (1946.94, 0.0193946) (1946.93, 0.00864308) (1946.94, 0.00808421) (1946.95, 0.00259575) (1946.93, 0.000790649) (1946.95, 5.79967e-05) 
[ErrorEstimator] iterations:7 error:9.86493e-07
  982.472 [0.603255] (982.472, 0.819154) (982.473, 0.0941421) (982.469, 0.0437455) (982.473, 0.034675) (982.473, 0.00823412) (982.476, 4.95086e-05) 
  1263.54 [3.58464] (1263.54, 0.906344) (1263.55, 0.0873748) (1263.55, 0.00572988) (1263.54, 0.000400131) (1263.55, 0.00015112) 
  1352.65 [0.732068] (1352.65, 0.300932) (1352.65, 0.290031) (1352.65, 0.220897) (1352.65, 0.142855) (1352.65, 0.0393139) (1352.65, 0.00312366) (1352.65, 0.00284789) 
  1472.73 [0.62114] (1472.73, 0.777564) (1472.73, 0.0990447) (1472.73, 0.0452714) (1472.73, 0.0298866) (1472.73, 0.0178029) (1472.74, 0.0169275) (1472.74, 0.00745898) (1472.74, 0.00484037) (1472.74, 0.00119919) (1472.73, 2.34094e-06) (1472.74, 1.7709e-06) 
  1533.57 [0.0697673] (1533.57, 1) 
  1554.68 [0.616063] (1554.68, 0.634077) (1554.68, 0.136705) (1554.68, 0.124902) (1554.68, 0.0891299) (1554.68, 0.0133147) (1554.67, 0.00186559) (1554.68, 5.98453e-06) 
  1590.78 [0.97011] (1590.78, 0.360755) (1590.78, 0.256819) (1590.78, 0.159631) (1590.78, 0.0702741) (1590.78, 0.0618221) (1590.78, 0.0523007) (1590.79, 0.0236232) (1590.79, 0.0146504) (1590.79, 0.000111414) (1590.77, 8.04011e-06) (1590.79, 4.87888e-06) 
  1849.76 [0.0919139] (1849.76, 0.992288) (1849.76, 0.00770721) (1849.77, 3.31676e-06) (1849.77, 1.14026e-06) 
  1927.96 [1.49988] (1927.96, 0.556795) (1927.96, 0.170824) (1927.95, 0.158416) (1927.95, 0.0826954) (1927.96, 0.020449) (1927.95, 0.00867521) (1927.96, 0.0012095) (1927.95, 0.00065405) (1927.95, 0.000281584) 
  1946.94 [0.942856] (1946.94, 0.373048) (1946.94, 0.304371) (1946.94, 0.0961095) (1946.94, 0.0685639) (1946.94, 0.061901) (1946.94, 0.0597729) (1946.94, 0.0178471) (1946.93, 0.00785076) (1946.94, 0.00749304) (1946.95, 0.00231933) (1946.93, 0.000679866) (1946.95, 4.30487e-05) 
[ErrorEstimator] iterations:8 error:9.7304e-07
  982.472 [0.584066] (982.472, 0.82478) (982.473, 0.0927671) (982.469, 0.0411086) (982.473, 0.0334453) (982.473, 0.00786148) (982.476, 3.70344e-05) 
  1263.54 [3.57879] (1263.54, 0.907591) (1263.55, 0.0868139) (1263.55, 0.0051368) (1263.54, 0.000338086) (1263.55, 0.000119969) 
  1352.65 [0.70728] (1352.65, 0.304051) (1352.65, 0.292711) (1352.65, 0.221119) (1352.65, 0.139919) (1352.65, 0.0370399) (1352.65, 0.00268154) (1352.65, 0.00247941) 
  1472.73 [0.574146] (1472.73, 0.78455) (1472.73, 0.0995903) (1472.73, 0.0444611) (1472.73, 0.0270471) (1472.73, 0.0166492) (1472.74, 0.0153768) (1472.74, 0.00693863) (1472.74, 0.00435277) (1472.74, 0.00103405) 
  1533.57 [0.0697673] (1533.57, 1) 
  1554.68 [0.586931] (1554.68, 0.639765) (1554.68, 0.136768) (1554.68, 0.12001) (1554.68, 0.0898857) (1554.68, 0.01196) (1554.67, 0.00160638) (1554.68, 4.52009e-06) 
  1590.78 [0.92027] (1590.78, 0.365858) (1590.78, 0.260044) (1590.78, 0.161296) (1590.78, 0.0670231) (1590.78, 0.0578394) (1590.78, 0.0521782) (1590.79, 0.0222629) (1590.79, 0.0134021) (1590.79, 8.67704e-05) (1590.77, 5.73039e-06) (1590.79, 3.53129e-06) 
  1849.76 [0.0887273] (1849.76, 0.992879) (1849.76, 0.00711854) (1849.77, 2.42623e-06) 
  1927.96 [1.44053] (1927.96, 0.569013) (1927.96, 0.168476) (1927.95, 0.155883) (1927.95, 0.0781506) (1927.96, 0.0189201) (1927.95, 0.00782218) (1927.96, 0.000973859) (1927.95, 0.000545609) (1927.95, 0.000215994) 
  1946.94 [0.917564] (1946.94, 0.377186) (1946.94, 0.305869) (1946.94, 0.0964253) (1946.94, 0.0680938) (1946.94, 0.0600229) (1946.94, 0.0591185) (1946.94, 0.0164679) (1946.93, 0.00715401) (1946.94, 0.00696216) (1946.95, 0.0020803) (1946.93, 0.000587694) (1946.95, 3.23002e-05) 
[ErrorEstimator] iterations:9 error:9.60838e-07
  982.472 [0.566599] (982.472, 0.829963) (982.473, 0.0914511) (982.469, 0.038733) (982.473, 0.0323052) (982.473, 0.00752) (982.476, 2.80741e-05) 
  1263.54 [3.57382] (1263.54, 0.908712) (1263.55, 0.0862758) (1263.55, 0.00462831) (1263.54, 0.000287897) (1263.55, 9.62647e-05) 
  1352.65 [0.685195] (1352.65, 0.30695) (1352.65, 0.295189) (1352.65, 0.221257) (1352.65, 0.137131) (1352.65, 0.034983) (1352.65, 0.00231769) (1352.65, 0.00217189) 
  1472.73 [0.532992] (1472.73, 0.790767) (1472.73, 0.10005) (1472.73, 0.0436745) (1472.73, 0.0245762) (1472.73, 0.0156093) (1472.74, 0.0140221) (1472.74, 0.00647233) (1472.74, 0.00393127) (1472.74, 0.000897285) 
  1533.57 [0.0697673] (1533.57, 1) 
  1554.68 [0.56088] (1554.68, 0.644981) (1554.68, 0.136774) (1554.68, 0.115481) (1554.68, 0.0905765) (1554.68, 0.0107928) (1554.67, 0.00139234) (1554.68, 3.4577e-06) 
  1590.78 [0.875188] (1590.78, 0.370539) (1590.78, 0.262978) (1590.78, 0.162788) (1590.78, 0.0640207) (1590.78, 0.0542451) (1590.78, 0.0520264) (1590.79, 0.0210248) (1590.79, 0.012303) (1590.79, 6.83255e-05) (1590.77, 4.14653e-06) (1590.79, 2.59306e-06) 
  1849.76 [0.0859429] (1849.76, 0.993399) (1849.76, 0.006599) (1849.77, 1.80084e-06) 
  1927.96 [1.38677] (1927.96, 0.580439) (1927.96, 0.166132) (1927.95, 0.153383) (1927.95, 0.0739912) (1927.96, 0.017555) (1927.95, 0.00708149) (1927.96, 0.000791469) (1927.95, 0.000458648) (1927.95, 0.000167612) 
  1946.94 [0.894936] (1946.94, 0.381043) (1946.94, 0.307199) (1946.94, 0.0966942) (1946.94, 0.0676255) (1946.94, 0.0584812) (1946.94, 0.0582657) (1946.94, 0.0152473) (1946.93, 0.00654523) (1946.94, 0.00648891) (1946.95, 0.00187476) (1946.93, 0.000511314) (1946.95, 2.45544e-05) 
[ErrorEstimator] iterations:10 error:9.49843e-07
  982.472 [0.55082] (982.472, 0.834695) (982.473, 0.0902063) (982.469, 0.0366092) (982.473, 0.0312581) (982.473, 0.00720979) (982.476, 2.16122e-05) 
  1263.54 [3.56962] (1263.54, 0.909714) (1263.55, 0.085766) (1263.55, 0.00419451) (1263.54, 0.000247378) (1263.55, 7.82048e-05) 
  1352.65 [0.665615] (1352.65, 0.309624) (1352.65, 0.297464) (1352.65, 0.221325) (1352.65, 0.134513) (1352.65, 0.0331377) (1352.65, 0.0020192) (1352.65, 0.00191625) 
  1472.73 [0.497116] (1472.73, 0.796265) (1472.73, 0.100433) (1472.73, 0.0429228) (1472.73, 0.0224405) (1472.73, 0.01468) (1472.74, 0.0128468) (1472.74, 0.00605797) (1472.74, 0.00356919) (1472.74, 0.000784456) 
  1533.57 [0.0697673] (1533.57, 1) 
  1554.68 [0.537726] (1554.68, 0.649725) (1554.68, 0.136734) (1554.68, 0.111326) (1554.68, 0.0912029) (1554.68, 0.00979296) (1554.67, 0.00121619) (1554.68, 2.68442e-06) 
  1590.78 [0.834674] (1590.78, 0.374796) (1590.78, 0.265624) (1590.78, 0.164114) (1590.78, 0.0612759) (1590.78, 0.0518537) (1590.78, 0.0510294) (1590.79, 0.0199083) (1590.79, 0.0113422) (1590.79, 5.45006e-05) (1590.79, 1.93647e-06) 
  1849.76 [0.0835033] (1849.76, 0.993855) (1849.76, 0.00614337) (1849.77, 1.35928e-06) 
  1927.96 [1.33836] (1927.96, 0.591024) (1927.96, 0.163838) (1927.95, 0.150957) (1927.95, 0.0702212) (1927.96, 0.0163461) (1927.95, 0.00644259) (1927.96, 0.000650362) (1927.95, 0.000389075) (1927.95, 0.000131851) 
  1946.94 [0.874816] (1946.94, 0.384607) (1946.94, 0.30837) (1946.94, 0.0969206) (1946.94, 0.0671671) (1946.94, 0.0578696) (1946.94, 0.0566384) (1946.94, 0.0141745) (1946.94, 0.00607016) (1946.93, 0.00601665) (1946.95, 0.001699) (1946.93, 0.00044824) (1946.95, 1.89518e-05) 
