[ErrorEstimator] iterations:0 error:1.30771e-06
[ErrorEstimator] iterations:1 error:1.29969e-06
  982.472 [0.725848] (982.472, 0.703436) (982.473, 0.13951) (982.473, 0.0788978) (982.469, 0.0473464) (982.473, 0.0227201) (982.476, 0.00802902) (982.477, 5.88141e-05) (982.466, 1.62602e-06) 
  1263.54 [4.63145] (1263.54, 0.795137) (1263.55, 0.14575) (1263.55, 0.0470128) (1263.55, 0.00764138) (1263.54, 0.00276148) (1263.55, 0.00169711) 
  1352.65 [1.29052] (1352.65, 0.24052) (1352.65, 0.234488) (1352.65, 0.214394) (1352.65, 0.198529) (1352.65, 0.066641) (1352.65, 0.0315994) (1352.65, 0.0130509) (1352.66, 0.000609519) (1352.64, 0.000132164) (1352.66, 3.01922e-05) (1352.66, 4.65115e-06) (1352.66, 1.44126e-06) 
  1472.73 [1.82373] (1472.73, 0.619279) (1472.73, 0.097527) (1472.73, 0.0838727) (1472.74, 0.0620357) (1472.73, 0.0500551) (1472.73, 0.0375004) (1472.74, 0.0204619) (1472.74, 0.0195175) (1472.74, 0.00916379) (1472.73, 0.000266934) (1472.74, 0.000250495) (1472.74, 6.68573e-05) (1472.72, 2.89659e-06) 
  1533.57 [0.0694613] (1533.57, 1) 
  1554.68 [1.32773] (1554.68, 0.52928) (1554.68, 0.200565) (1554.68, 0.127311) (1554.68, 0.0748063) (1554.68, 0.0534454) (1554.67, 0.0142686) (1554.68, 0.000256306) (1554.69, 6.72487e-05) (1554.67, 3.91597e-07) (1554.69, 3.78099e-07) 
  1590.78 [1.98787] (1590.78, 0.266531) (1590.78, 0.196306) (1590.78, 0.148468) (1590.78, 0.128456) (1590.78, 0.122595) (1590.78, 0.0470964) (1590.79, 0.0450301) (1590.79, 0.041547) (1590.79, 0.0027619) (1590.77, 0.000876239) (1590.79, 0.000326124) (1590.79, 5.30728e-06) (1590.77, 2.05107e-06) (1590.77, 2.80503e-07) 
  1849.76 [0.389261] (1849.76, 0.965805) (1849.76, 0.0339955) (1849.77, 0.000119072) (1849.77, 7.99123e-05) 
  1927.96 [2.91243] (1927.96, 0.317191) (1927.95, 0.225731) (1927.95, 0.215759) (1927.96, 0.119921) (1927.95, 0.0510247) (1927.96, 0.0280826) (1927.95, 0.0206192) (1927.95, 0.0131376) (1927.96, 0.00846154) (1927.97, 4.08893e-05) (1927.97, 3.21816e-05) 
  1946.94 [1.73352] (1946.94, 0.289901) (1946.94, 0.239777) (1946.94, 0.10893) (1946.94, 0.0958995) (1946.94, 0.0905908) (1946.94, 0.0652334) (1946.93, 0.0490997) (1946.94, 0.0315704) (1946.94, 0.0122886) (1946.93, 0.00995253) (1946.95, 0.00562552) (1946.95, 0.000864292) (1946.93, 0.000257276) (1946.93, 5.99411e-06) (1946.93, 3.78993e-06) 
[ErrorEstimator] iterations:2 error:1.29246e-06
  982.472 [0.710721] (982.472, 0.705238) (982.473, 0.139572) (982.473, 0.0786568) (982.469, 0.0462696) (982.473, 0.0226096) (982.476, 0.00760016) (982.477, 5.3169e-05) (982.466, 1.42529e-06) 
  1263.54 [4.61878] (1263.54, 0.795702) (1263.55, 0.146547) (1263.55, 0.046213) (1263.55, 0.00730731) (1263.54, 0.0026434) (1263.55, 0.00158727) 
  1352.65 [1.26892] (1352.65, 0.241613) (1352.65, 0.23548) (1352.65, 0.215062) (1352.65, 0.198249) (1352.65, 0.0656529) (1352.65, 0.0306311) (1352.65, 0.0126002) (1352.66, 0.000559482) (1352.64, 0.000119935) (1352.66, 2.70374e-05) (1352.66, 4.1048e-06) (1352.66, 1.26444e-06) 
  1472.73 [1.79059] (1472.73, 0.623347) (1472.73, 0.0955211) (1472.73, 0.0843679) (1472.74, 0.0609413) (1472.73, 0.0500295) (1472.73, 0.0370278) (1472.74, 0.0200529) (1472.74, 0.0192811) (1472.74, 0.00889167) (1472.73, 0.000245102) (1472.74, 0.000231286) (1472.74, 6.07281e-05) (1472.72, 2.56534e-06) 
  1533.57 [0.0694613] (1533.57, 1) 
  1554.68 [1.30796] (1554.68, 0.531795) (1554.68, 0.199109) (1554.68, 0.127643) (1554.68, 0.0751519) (1554.68, 0.0521949) (1554.67, 0.0138039) (1554.68, 0.000239998) (1554.69, 6.10966e-05) (1554.67, 3.38367e-07) (1554.69, 3.26562e-07) 
  1590.78 [1.96314] (1590.78, 0.268426) (1590.78, 0.197657) (1590.78, 0.146766) (1590.78, 0.127561) (1590.78, 0.123339) (1590.78, 0.0472277) (1590.79, 0.0445202) (1590.79, 0.0407766) (1590.79, 0.0026059) (1590.77, 0.000811855) (1590.79, 0.000302248) (1590.79, 4.61574e-06) (1590.77, 1.8161e-06) 
  1849.76 [0.387013] (1849.76, 0.966287) (1849.76, 0.0335313) (1849.77, 0.000109498) (1849.77, 7.24987e-05) 
  1927.96 [2.87256] (1927.96, 0.320246) (1927.95, 0.225005) (1927.95, 0.216799) (1927.96, 0.119625) (1927.95, 0.0503626) (1927.96, 0.0275138) (1927.95, 0.0196448) (1927.95, 0.0127509) (1927.96, 0.00798843) (1927.97, 3.63163e-05) (1927.97, 2.89916e-05) 
  1946.94 [1.71531] (1946.94, 0.291039) (1946.94, 0.240153) (1946.94, 0.10952) (1946.94, 0.0962669) (1946.94, 0.0908737) (1946.94, 0.0646138) (1946.93, 0.0484624) (1946.94, 0.0308352) (1946.94, 0.0120255) (1946.93, 0.00971404) (1946.95, 0.00545203) (1946.95, 0.000798913) (1946.93, 0.000236743) (1946.93, 5.29114e-06) (1946.93, 3.30983e-06) 
[ErrorEstimator] iterations:3 error:1.28595e-06
  982.472 [0.697315] (982.472, 0.706859) (982.473, 0.139621) (982.473, 0.078433) (982.469, 0.0453025) (982.473, 0.0225079) (982.476, 0.00722703) (982.477, 4.84716e-05) (982.466, 1.26314e-06) 
  1263.54 [4.60755] (1263.54, 0.796188) (1263.55, 0.147276) (1263.55, 0.0454903) (1263.55, 0.00701379) (1263.54, 0.00253955) (1263.55, 0.00149281) 
  1352.65 [1.24966] (1352.65, 0.242602) (1352.65, 0.236376) (1352.65, 0.215661) (1352.65, 0.19798) (1352.65, 0.0647561) (1352.65, 0.029768) (1352.65, 0.0122001) (1352.66, 0.000517217) (1352.64, 0.000109719) (1352.66, 2.44354e-05) (1352.66, 3.66051e-06) (1352.66, 1.12148e-06) 
  1472.73 [1.76068] (1472.73, 0.627032) (1472.73, 0.0937097) (1472.73, 0.0848153) (1472.74, 0.0599493) (1472.73, 0.0500009) (1472.73, 0.0365963) (1472.74, 0.0196833) (1472.74, 0.0190651) (1472.74, 0.00864855) (1472.73, 0.000226647) (1472.74, 0.00021496) (1472.74, 5.56011e-05) (1472.72, 2.29497e-06) 
  1533.57 [0.0694613] (1533.57, 1) 
  1554.68 [1.29016] (1554.68, 0.534077) (1554.68, 0.197772) (1554.68, 0.127941) (1554.68, 0.0754652) (1554.68, 0.0510717) (1554.67, 0.0133906) (1554.68, 0.000225954) (1554.69, 5.59518e-05) (1554.67, 2.95954e-07) (1554.69, 2.85515e-07) 
  1590.78 [1.94085] (1590.78, 0.270152) (1590.78, 0.198888) (1590.78, 0.145214) (1590.78, 0.126737) (1590.78, 0.124015) (1590.78, 0.0473446) (1590.79, 0.0440546) (1590.79, 0.0400801) (1590.79, 0.00247052) (1590.77, 0.000756968) (1590.79, 0.000281889) (1590.79, 4.06122e-06) (1590.77, 1.62439e-06) 
  1849.76 [0.385007] (1849.76, 0.966721) (1849.76, 0.0331114) (1849.77, 0.000101402) (1849.77, 6.63112e-05) 
  1927.96 [2.83707] (1927.96, 0.32303) (1927.95, 0.224314) (1927.95, 0.217729) (1927.96, 0.119339) (1927.95, 0.0497573) (1927.96, 0.0269994) (1927.95, 0.0187902) (1927.95, 0.012405) (1927.96, 0.00757726) (1927.97, 3.25727e-05) (1927.97, 2.63439e-05) 
  1946.94 [1.69898] (1946.94, 0.292069) (1946.94, 0.240484) (1946.94, 0.110057) (1946.94, 0.0965992) (1946.94, 0.0911285) (1946.94, 0.0640477) (1946.93, 0.047883) (1946.94, 0.0301749) (1946.94, 0.0117887) (1946.93, 0.0095) (1946.95, 0.00529747) (1946.95, 0.00074332) (1946.93, 0.000219359) (1946.93, 4.71941e-06) (1946.93, 2.92337e-06) 
[ErrorEstimator] iterations:4 error:1.2801e-06
  982.472 [0.685424] (982.472, 0.708317) (982.473, 0.139661) (982.473, 0.0782258) (982.469, 0.0444341) (982.473, 0.0224143) (982.476, 0.00690164) (982.477, 4.45389e-05) (982.466, 1.13104e-06) 
  1263.54 [4.59758] (1263.54, 0.796607) (1263.55, 0.14794) (1263.55, 0.044838) (1263.55, 0.00675552) (1263.54, 0.00244808) (1263.55, 0.00141133) 
  1352.65 [1.23247] (1352.65, 0.243497) (1352.65, 0.237185) (1352.65, 0.216198) (1352.65, 0.197723) (1352.65, 0.0639433) (1352.65, 0.0289985) (1352.65, 0.0118447) (1352.66, 0.000481346) (1352.64, 0.000101136) (1352.66, 2.22749e-05) (1352.66, 3.29631e-06) (1352.66, 1.00489e-06) 
  1472.73 [1.73371] (1472.73, 0.630366) (1472.73, 0.0920755) (1472.73, 0.0852191) (1472.74, 0.0590513) (1472.73, 0.0499704) (1472.73, 0.036203) (1472.74, 0.0193497) (1472.74, 0.0188681) (1472.74, 0.00843134) (1472.73, 0.000210973) (1472.74, 0.000201026) (1472.74, 5.12886e-05) (1472.72, 2.07259e-06) 
  1533.57 [0.0694613] (1533.57, 1) 
  1554.68 [1.27414] (1554.68, 0.536145) (1554.68, 0.196548) (1554.68, 0.128207) (1554.68, 0.0757489) (1554.68, 0.0500633) (1554.67, 0.0130229) (1554.68, 0.000213823) (1554.69, 5.16251e-05) 
  1590.78 [1.92074] (1590.78, 0.271724) (1590.78, 0.200007) (1590.78, 0.143799) (1590.78, 0.12598) (1590.78, 0.124628) (1590.78, 0.0474487) (1590.79, 0.0436303) (1590.79, 0.0394512) (1590.79, 0.00235275) (1590.77, 0.000709989) (1590.79, 0.000264458) (1590.79, 3.61247e-06) (1590.77, 1.46678e-06) 
  1849.76 [0.383214] (1849.76, 0.967113) (1849.76, 0.0327318) (1849.77, 9.4524e-05) (1849.77, 6.11165e-05) 
  1927.96 [2.80545] (1927.96, 0.325564) (1927.95, 0.223661) (1927.95, 0.218561) (1927.96, 0.119067) (1927.95, 0.0492052) (1927.96, 0.0265348) (1927.95, 0.0180395) (1927.95, 0.0120958) (1927.96, 0.00721913) (1927.97, 2.94856e-05) (1927.97, 2.41328e-05) 
  1946.94 [1.68435] (1946.94, 0.293) (1946.94, 0.240776) (1946.94, 0.110545) (1946.94, 0.0968995) (1946.94, 0.0913577) (1946.94, 0.0635314) (1946.93, 0.0473571) (1946.94, 0.0295821) (1946.94, 0.0115758) (1946.93, 0.00930799) (1946.95, 0.00515974) (1946.95, 0.000695847) (1946.93, 0.000204574) (1946.93, 4.25068e-06) (1946.93, 2.60951e-06) 
[ErrorEstimator] iterations:5 error:1.27484e-06
  982.472 [0.674865] (982.472, 0.709629) (982.473, 0.139693) (982.473, 0.0780348) (982.469, 0.0436547) (982.473, 0.0223286) (982.476, 0.00661722) (982.477, 4.1227e-05) (982.466, 1.02252e-06) 
  1263.54 [4.58873] (1263.54, 0.796969) (1263.55, 0.148545) (1263.55, 0.0442495) (1263.55, 0.00652791) (1263.54, 0.00236741) (1263.55, 0.00134081) 
  1352.65 [1.21712] (1352.65, 0.244306) (1352.65, 0.237916) (1352.65, 0.21668) (1352.65, 0.197481) (1352.65, 0.0632074) (1352.65, 0.0283122) (1352.65, 0.0115289) (1352.66, 0.000450758) (1352.64, 9.38852e-05) (1352.66, 2.0469e-05) (1352.66, 2.99545e-06) (1352.66, 9.09042e-07) 
  1472.73 [1.70941] (1472.73, 0.63338) (1472.73, 0.0906023) (1472.73, 0.0855832) (1472.74, 0.0582392) (1472.73, 0.049939) (1472.73, 0.0358451) (1472.74, 0.0190488) (1472.74, 0.0186886) (1472.74, 0.00823725) (1472.73, 0.000197599) (1472.74, 0.000189083) (1472.74, 4.76414e-05) (1472.72, 1.88833e-06) 
  1533.57 [0.0694613] (1533.57, 1) 
  1554.68 [1.25975] (1554.68, 0.538017) (1554.68, 0.195428) (1554.68, 0.128445) (1554.68, 0.0760057) (1554.68, 0.0491581) (1554.67, 0.0126956) (1554.68, 0.00020331) (1554.69, 4.79663e-05) 
  1590.78 [1.90263] (1590.78, 0.273151) (1590.78, 0.201023) (1590.78, 0.142512) (1590.78, 0.125287) (1590.78, 0.125184) (1590.78, 0.0475414) (1590.79, 0.0432444) (1590.79, 0.0388836) (1590.79, 0.00225004) (1590.77, 0.000669622) (1590.79, 0.000249477) (1590.79, 3.24611e-06) (1590.77, 1.33622e-06) 
  1849.76 [0.381611] (1849.76, 0.967466) (1849.76, 0.0323889) (1849.77, 8.86534e-05) (1849.77, 5.67306e-05) 
  1927.96 [2.77727] (1927.96, 0.327867) (1927.95, 0.223048) (1927.95, 0.219304) (1927.96, 0.118809) (1927.95, 0.0487025) (1927.96, 0.0261155) (1927.95, 0.0173791) (1927.95, 0.0118192) (1927.96, 0.00690644) (1927.97, 2.69215e-05) (1927.97, 2.2275e-05) 
  1946.94 [1.67124] (1946.94, 0.293842) (1946.94, 0.241033) (1946.94, 0.110989) (1946.94, 0.0971707) (1946.94, 0.091564) (1946.94, 0.0630613) (1946.93, 0.0468803) (1946.94, 0.0290501) (1946.94, 0.0113843) (1946.93, 0.00913576) (1946.95, 0.00503696) (1946.95, 0.000655141) (1946.93, 0.000191943) (1946.93, 3.86344e-06) (1946.93, 2.35244e-06) 
[ErrorEstimator] iterations:6 error:1.2701e-06
  982.472 [0.665481] (982.472, 0.710809) (982.473, 0.139719) (982.473, 0.0778592) (982.469, 0.0429553) (982.473, 0.0222502) (982.476, 0.00636814) (982.477, 3.84234e-05) (982.466, 9.32719e-07) 
  1263.54 [4.58086] (1263.54, 0.797282) (1263.55, 0.149096) (1263.55, 0.0437192) (1263.55, 0.00632708) (1263.54, 0.00229618) (1263.55, 0.0012796) 
  1352.65 [1.20342] (1352.65, 0.245036) (1352.65, 0.238575) (1352.65, 0.217112) (1352.65, 0.197252) (1352.65, 0.062542) (1352.65, 0.0277001) (1352.65, 0.011248) (1352.66, 0.000424569) (1352.64, 8.77287e-05) (1352.66, 1.89506e-05) (1352.66, 2.74521e-06) (1352.66, 8.29664e-07) 
  1472.73 [1.68752] (1472.73, 0.636102) (1472.73, 0.0892753) (1472.73, 0.0859114) (1472.74, 0.0575057) (1472.73, 0.0499076) (1472.73, 0.0355201) (1472.74, 0.0187775) (1472.74, 0.0185256) (1472.74, 0.00806383) (1472.73, 0.000186143) (1472.74, 0.00017881) (1472.74, 4.4542e-05) (1472.72, 1.73465e-06) 
  1533.57 [0.0694613] (1533.57, 1) 
  1554.68 [1.24681] (1554.68, 0.539709) (1554.68, 0.194407) (1554.68, 0.128657) (1554.68, 0.0762377) (1554.68, 0.0483459) (1554.67, 0.012404) (1554.68, 0.000194176) (1554.69, 4.48574e-05) 
  1590.78 [1.8863] (1590.78, 0.274447) (1590.78, 0.201945) (1590.78, 0.141343) (1590.78, 0.125687) (1590.78, 0.124653) (1590.78, 0.0476239) (1590.79, 0.0428938) (1590.79, 0.038372) (1590.79, 0.00216027) (1590.77, 0.000634815) (1590.79, 0.000236557) (1590.79, 2.94462e-06) (1590.77, 1.22736e-06) 
  1849.76 [0.380177] (1849.76, 0.967784) (1849.76, 0.0320796) (1849.77, 8.36223e-05) (1849.77, 5.30089e-05) 
  1927.96 [2.75213] (1927.96, 0.329957) (1927.95, 0.222476) (1927.95, 0.21997) (1927.96, 0.118566) (1927.95, 0.0482457) (1927.96, 0.0257375) (1927.95, 0.0167973) (1927.95, 0.011572) (1927.96, 0.00663291) (1927.97, 2.47783e-05) (1927.97, 2.07057e-05) 
  1946.94 [1.65948] (1946.94, 0.294601) (1946.94, 0.24126) (1946.94, 0.111391) (1946.94, 0.0974154) (1946.94, 0.0917494) (1946.94, 0.0626341) (1946.93, 0.0464486) (1946.94, 0.0285728) (1946.94, 0.0112123) (1946.93, 0.00898133) (1946.95, 0.00492748) (1946.95, 0.00062011) (1946.93, 0.000181108) (1946.93, 3.5413e-06) (1946.93, 2.14027e-06) 
[ErrorEstimator] iterations:7 error:1.26585e-06
  982.472 [0.657136] (982.472, 0.711869) (982.473, 0.13974) (982.473, 0.0776982) (982.469, 0.042328) (982.473, 0.0221787) (982.476, 0.00614958) (982.477, 3.60381e-05) (982.466, 8.57874e-07) 
  1263.54 [4.57386] (1263.54, 0.797554) (1263.55, 0.149596) (1263.55, 0.0432415) (1263.55, 0.00614965) (1263.54, 0.00223321) (1263.55, 0.00122633) 
  1352.65 [1.19117] (1352.65, 0.245695) (1352.65, 0.239169) (1352.65, 0.217499) (1352.65, 0.197039) (1352.65, 0.0619409) (1352.65, 0.0271539) (1352.65, 0.0109981) (1352.66, 0.000402056) (1352.64, 8.2477e-05) (1352.66, 1.76669e-05) (1352.66, 2.53569e-06) (1352.66, 7.63467e-07) 
  1472.73 [1.66781] (1472.73, 0.638557) (1472.73, 0.0880809) (1472.73, 0.0862069) (1472.74, 0.0568437) (1472.73, 0.0498766) (1472.73, 0.0352252) (1472.74, 0.0185333) (1472.74, 0.0183776) (1472.74, 0.00790886) (1472.73, 0.000176291) (1472.74, 0.000169942) (1472.74, 4.18959e-05) (1472.72, 1.60565e-06) 
  1533.57 [0.0694613] (1533.57, 1) 
  1554.68 [1.23519] (1554.68, 0.541238) (1554.68, 0.193477) (1554.68, 0.128847) (1554.68, 0.0764472) (1554.68, 0.0476174) (1554.67, 0.0121443) (1554.68, 0.000186218) (1554.69, 4.22034e-05) 
  1590.78 [1.8715] (1590.78, 0.275621) (1590.78, 0.20278) (1590.78, 0.140284) (1590.78, 0.126142) (1590.78, 0.124075) (1590.78, 0.0476976) (1590.79, 0.042576) (1590.79, 0.0379111) (1590.79, 0.00208165) (1590.77, 0.000604706) (1590.79, 0.000225378) (1590.77, 1.13602e-06) 
  1849.76 [0.378894] (1849.76, 0.96807) (1849.76, 0.0318006) (1849.77, 7.92936e-05) (1849.77, 4.98356e-05) 
  1927.96 [2.72971] (1927.96, 0.331853) (1927.95, 0.221945) (1927.95, 0.220564) (1927.96, 0.11834) (1927.95, 0.0478313) (1927.96, 0.025397) (1927.95, 0.016284) (1927.95, 0.011351) (1927.96, 0.00639314) (1927.97, 2.29759e-05) (1927.97, 1.93733e-05) 
  1946.94 [1.64894] (1946.94, 0.295286) (1946.94, 0.241461) (1946.94, 0.111755) (1946.94, 0.0976361) (1946.94, 0.0919161) (1946.94, 0.0622463) (1946.93, 0.0460582) (1946.94, 0.0281447) (1946.94, 0.0110577) (1946.93, 0.00884289) (1946.95, 0.00482983) (1946.95, 0.000589856) (1946.93, 0.00017178) (1946.93, 3.27155e-06) (1946.93, 1.96387e-06) 
[ErrorEstimator] iterations:8 error:1.26202e-06
  982.472 [0.649701] (982.472, 0.712823) (982.473, 0.139756) (982.473, 0.0775508) (982.469, 0.0417648) (982.473, 0.0221135) (982.476, 0.00595726) (982.477, 3.39975e-05) (982.466, 7.95031e-07) 
  1263.54 [4.56762] (1263.54, 0.797789) (1263.55, 0.15005) (1263.55, 0.0428111) (1263.55, 0.00599255) (1263.54, 0.00217741) (1263.55, 0.0011798) 
  1352.65 [1.18022] (1352.65, 0.24629) (1352.65, 0.239704) (1352.65, 0.217847) (1352.65, 0.19684) (1352.65, 0.0613978) (1352.65, 0.0266659) (1352.65, 0.0107755) (1352.66, 0.000382614) (1352.64, 7.79732e-05) (1352.66, 1.65749e-05) (1352.66, 2.35903e-06) (1352.66, 7.07854e-07) 
  1472.73 [1.65007] (1472.73, 0.640773) (1472.73, 0.0870052) (1472.73, 0.0864731) (1472.74, 0.0562461) (1472.73, 0.0498464) (1472.73, 0.0349579) (1472.74, 0.0183132) (1472.74, 0.0182434) (1472.74, 0.00777023) (1472.73, 0.000167779) (1472.74, 0.000162254) (1472.74, 3.9625e-05) (1472.72, 1.49665e-06) 
  1533.57 [0.0694613] (1533.57, 1) 
  1554.68 [1.22474] (1554.68, 0.54262) (1554.68, 0.192631) (1554.68, 0.129018) (1554.68, 0.0766365) (1554.68, 0.0469635) (1554.67, 0.0119126) (1554.68, 0.000179261) (1554.69, 3.99258e-05) 
  1590.78 [1.85826] (1590.78, 0.276685) (1590.78, 0.203537) (1590.78, 0.139323) (1590.78, 0.126553) (1590.78, 0.123548) (1590.78, 0.0477631) (1590.79, 0.0422876) (1590.79, 0.0374957) (1590.79, 0.00201258) (1590.77, 0.000578551) (1590.79, 0.000215666) (1590.77, 1.05884e-06) 
  1849.76 [0.377744] (1849.76, 0.968328) (1849.76, 0.0315489) (1849.77, 7.55522e-05) (1849.77, 4.71151e-05) 
  1927.96 [2.70966] (1927.96, 0.33357) (1927.95, 0.221453) (1927.95, 0.221097) (1927.96, 0.118129) (1927.95, 0.0474555) (1927.96, 0.0250902) (1927.95, 0.0158303) (1927.95, 0.0111532) (1927.96, 0.00618238) (1927.97, 2.14501e-05) (1927.97, 1.82355e-05) 
  1946.94 [1.63948] (1946.94, 0.295904) (1946.94, 0.241638) (1946.94, 0.112085) (1946.94, 0.0978351) (1946.94, 0.092066) (1946.94, 0.0618945) (1946.93, 0.045705) (1946.94, 0.0277604) (1946.94, 0.0109188) (1946.93, 0.00871868) (1946.95, 0.00474262) (1946.95, 0.000563618) (1946.93, 0.000163712) (1946.93, 3.04409e-06) (1946.93, 1.81608e-06) 
[ErrorEstimator] iterations:9 error:1.25858e-06
  982.472 [0.64308] (982.472, 0.713679) (982.473, 0.139769) (982.473, 0.0774163) (982.469, 0.0412599) (982.473, 0.0220543) (982.476, 0.00578793) (982.477, 3.2246e-05) (982.466, 7.42004e-07) 
  1263.54 [4.56207] (1263.54, 0.797994) (1263.55, 0.150461) (1263.55, 0.0424239) (1263.55, 0.00585345) (1263.54, 0.00212798) (1263.55, 0.00113911) 
  1352.65 [1.17043] (1352.65, 0.246826) (1352.65, 0.240186) (1352.65, 0.218158) (1352.65, 0.196657) (1352.65, 0.0609081) (1352.65, 0.0262303) (1352.65, 0.0105772) (1352.66, 0.000365784) (1352.64, 7.40992e-05) (1352.66, 1.56425e-05) (1352.66, 2.2094e-06) (1352.66, 6.60904e-07) 
  1472.73 [1.63411] (1472.73, 0.64277) (1472.73, 0.0867125) (1472.73, 0.0860381) (1472.74, 0.0557077) (1472.73, 0.0498176) (1472.73, 0.034716) (1472.74, 0.0181219) (1472.74, 0.0181152) (1472.74, 0.00764634) (1472.73, 0.000160408) (1472.74, 0.000155576) (1472.74, 3.76704e-05) (1472.72, 1.40413e-06) 
  1533.57 [0.0694613] (1533.57, 1) 
  1554.68 [1.21536] (1554.68, 0.543866) (1554.68, 0.191863) (1554.68, 0.12917) (1554.68, 0.0768072) (1554.68, 0.0463771) (1554.67, 0.011706) (1554.68, 0.000173172) (1554.69, 3.79654e-05) 
  1590.78 [1.84635] (1590.78, 0.277647) (1590.78, 0.20422) (1590.78, 0.138454) (1590.78, 0.126925) (1590.78, 0.123068) (1590.78, 0.0478215) (1590.79, 0.0420268) (1590.79, 0.0371219) (1590.79, 0.00195187) (1590.77, 0.00055579) (1590.79, 0.000207212) (1590.77, 9.93348e-07) 
  1849.76 [0.376714] (1849.76, 0.968561) (1849.76, 0.0313223) (1849.77, 7.23109e-05) (1849.77, 4.47759e-05) 
  1927.96 [2.69177] (1927.96, 0.335125) (1927.95, 0.221573) (1927.95, 0.221) (1927.96, 0.117933) (1927.95, 0.0471154) (1927.96, 0.0248141) (1927.95, 0.015429) (1927.95, 0.0109763) (1927.96, 0.00599699) (1927.97, 2.0153e-05) (1927.97, 1.72607e-05) 
  1946.94 [1.63101] (1946.94, 0.296461) (1946.94, 0.241795) (1946.94, 0.112383) (1946.94, 0.0980143) (1946.94, 0.0922006) (1946.94, 0.0615761) (1946.93, 0.0453862) (1946.94, 0.0274159) (1946.94, 0.0107942) (1946.93, 0.00860736) (1946.95, 0.00466479) (1946.95, 0.000540817) (1946.93, 0.000156719) (1946.93, 2.85141e-06) (1946.93, 1.69163e-06) 
[ErrorEstimator] iterations:10 error:1.2555e-06
  982.472 [0.63718] (982.472, 0.714449) (982.473, 0.13978) (982.473, 0.0772938) (982.469, 0.0408072) (982.473, 0.0220005) (982.476, 0.0056386) (982.477, 3.07367e-05) (982.466, 6.97012e-07) 
  1263.54 [4.55712] (1263.54, 0.798173) (1263.55, 0.150833) (1263.55, 0.0420757) (1263.55, 0.00573015) (1263.54, 0.00208415) (1263.55, 0.00110344) 
  1352.65 [1.16167] (1352.65, 0.247308) (1352.65, 0.24062) (1352.65, 0.218437) (1352.65, 0.196487) (1352.65, 0.0604668) (1352.65, 0.0258414) (1352.65, 0.0104005) (1352.66, 0.00035117) (1352.64, 7.07544e-05) (1352.66, 1.48428e-05) (1352.66, 2.08201e-06) (1352.66, 6.21049e-07) 
  1472.73 [1.61977] (1472.73, 0.644567) (1472.73, 0.0869278) (1472.73, 0.0851688) (1472.74, 0.0552229) (1472.73, 0.0497901) (1472.73, 0.0344975) (1472.74, 0.018012) (1472.74, 0.0179373) (1472.74, 0.00753559) (1472.73, 0.000154006) (1472.74, 0.00014976) (1472.74, 3.59819e-05) (1472.72, 1.32522e-06) 
  1533.57 [0.0694613] (1533.57, 1) 
  1554.68 [1.20694] (1554.68, 0.544989) (1554.68, 0.191167) (1554.68, 0.129306) (1554.68, 0.076961) (1554.68, 0.0458515) (1554.67, 0.0115217) (1554.68, 0.000167831) (1554.69, 3.62719e-05) 
  1590.78 [1.83563] (1590.78, 0.278516) (1590.78, 0.204838) (1590.78, 0.137668) (1590.78, 0.127259) (1590.78, 0.122633) (1590.78, 0.0478736) (1590.79, 0.041791) (1590.79, 0.0367857) (1590.79, 0.0018984) (1590.77, 0.000535932) (1590.79, 0.000199836) (1590.77, 9.37495e-07) 
  1849.76 [0.375792] (1849.76, 0.968769) (1849.76, 0.0311183) (1849.77, 6.94942e-05) (1849.77, 4.27568e-05) 
  1927.96 [2.67578] (1927.96, 0.336529) (1927.95, 0.221999) (1927.95, 0.220584) (1927.96, 0.117753) (1927.95, 0.046808) (1927.96, 0.024566) (1927.95, 0.0150738) (1927.95, 0.0108182) (1927.96, 0.00583365) (1927.97, 1.90452e-05) (1927.97, 1.6422e-05) 
  1946.94 [1.62341] (1946.94, 0.296962) (1946.94, 0.241934) (1946.94, 0.112652) (1946.94, 0.0981756) (1946.94, 0.0923215) (1946.94, 0.0612881) (1946.93, 0.0450987) (1946.94, 0.027107) (1946.94, 0.0106823) (1946.93, 0.00850761) (1946.95, 0.00459531) (1946.95, 0.000520949) (1946.93, 0.000150638) (1946.93, 2.68734e-06) (1946.93, 1.58623e-06) 
