[ErrorEstimator] iterations:0 error:1.2555e-06
[ErrorEstimator] iterations:1 error:1.23521e-06
  982.472 [0.757619] (982.472, 0.730665) (982.473, 0.123152) (982.469, 0.0632665) (982.473, 0.0627674) (982.473, 0.017303) (982.476, 0.00283205) (982.477, 1.20478e-05) (982.466, 1.8333e-06) 
  1263.54 [4.12903] (1263.54, 0.848623) (1263.55, 0.115923) (1263.55, 0.0287149) (1263.55, 0.00353439) (1263.54, 0.0025694) (1263.55, 0.000636195) 
  1352.65 [1.2148] (1352.65, 0.249118) (1352.65, 0.248657) (1352.65, 0.213455) (1352.65, 0.184628) (1352.65, 0.0696628) (1352.65, 0.0215365) (1352.65, 0.01258) (1352.66, 0.000256822) (1352.64, 9.35026e-05) (1352.66, 1.03484e-05) (1352.66, 1.41382e-06) (1352.66, 4.17376e-07) 
  1472.73 [1.60917] (1472.73, 0.644725) (1472.73, 0.0895123) (1472.73, 0.0860677) (1472.74, 0.0515613) (1472.73, 0.0512125) (1472.73, 0.0360238) (1472.74, 0.016979) (1472.74, 0.0166842) (1472.74, 0.00690686) (1472.73, 0.000165729) (1472.74, 0.000129355) (1472.74, 3.05572e-05) (1472.72, 1.43304e-06) 
  1533.57 [0.0731587] (1533.57, 1) 
  1554.68 [1.19791] (1554.68, 0.545481) (1554.68, 0.190968) (1554.68, 0.129467) (1554.68, 0.0770429) (1554.68, 0.0455656) (1554.67, 0.0112765) (1554.68, 0.000164294) (1554.69, 3.51068e-05) 
  1590.78 [1.82679] (1590.78, 0.280645) (1590.78, 0.205271) (1590.78, 0.133512) (1590.78, 0.128836) (1590.78, 0.119604) (1590.78, 0.0487315) (1590.79, 0.0429042) (1590.79, 0.0378412) (1590.79, 0.00195842) (1590.77, 0.000489718) (1590.79, 0.000205986) (1590.77, 8.27982e-07) 
  1849.76 [0.248696] (1849.76, 0.975035) (1849.76, 0.024803) (1849.77, 9.94482e-05) (1849.77, 6.2879e-05) 
  1927.96 [2.67413] (1927.96, 0.369173) (1927.95, 0.199676) (1927.95, 0.182896) (1927.96, 0.150292) (1927.95, 0.0361098) (1927.96, 0.0349383) (1927.95, 0.00969595) (1927.96, 0.0095684) (1927.95, 0.00758307) (1927.97, 3.6573e-05) (1927.97, 3.05451e-05) 
  1946.94 [1.52605] (1946.94, 0.308253) (1946.94, 0.260993) (1946.94, 0.100545) (1946.94, 0.084172) (1946.94, 0.078095) (1946.94, 0.0736146) (1946.94, 0.0354871) (1946.93, 0.0321952) (1946.94, 0.0138418) (1946.95, 0.00625013) (1946.93, 0.00563604) (1946.95, 0.000840631) (1946.93, 7.62481e-05) (1946.93, 1.18122e-06) 
[ErrorEstimator] iterations:2 error:1.21674e-06
  982.472 [0.726705] (982.472, 0.736203) (982.473, 0.122722) (982.473, 0.0617527) (982.469, 0.060035) (982.473, 0.0169165) (982.476, 0.00236131) (982.477, 8.72437e-06) (982.466, 1.29354e-06) 
  1263.54 [4.10489] (1263.54, 0.850673) (1263.55, 0.116545) (1263.55, 0.0269392) (1263.55, 0.00305225) (1263.54, 0.00227695) (1263.55, 0.000514146) 
  1352.65 [1.16458] (1352.65, 0.252088) (1352.65, 0.251607) (1352.65, 0.214897) (1352.65, 0.18323) (1352.65, 0.0669388) (1352.65, 0.0195395) (1352.65, 0.0114218) (1352.66, 0.00019822) (1352.64, 7.12071e-05) (1352.66, 7.42573e-06) (1352.66, 9.7184e-07) 
  1472.73 [1.52479] (1472.73, 0.655424) (1472.73, 0.0872996) (1472.73, 0.0842352) (1472.73, 0.0510599) (1472.74, 0.0487496) (1472.73, 0.0346944) (1472.74, 0.0163204) (1472.74, 0.015664) (1472.74, 0.0062978) (1472.73, 0.000129558) (1472.74, 0.000102007) (1472.74, 2.29723e-05) (1472.72, 1.00957e-06) 
  1533.57 [0.0731587] (1533.57, 1) 
  1554.68 [1.14843] (1554.68, 0.552195) (1554.68, 0.186713) (1554.68, 0.130257) (1554.68, 0.0779617) (1554.68, 0.0424849) (1554.67, 0.0102266) (1554.68, 0.000135609) (1554.69, 2.6549e-05) 
  1590.78 [1.76227] (1590.78, 0.285941) (1590.78, 0.208971) (1590.78, 0.130897) (1590.78, 0.128756) (1590.78, 0.116885) (1590.78, 0.0490552) (1590.79, 0.0414704) (1590.79, 0.0358136) (1590.79, 0.00165434) (1590.77, 0.000390969) (1590.79, 0.000165245) (1590.77, 5.79284e-07) 
  1849.76 [0.242504] (1849.76, 0.976223) (1849.76, 0.0236496) (1849.77, 7.89798e-05) (1849.77, 4.80681e-05) 
  1927.96 [2.57526] (1927.96, 0.379085) (1927.95, 0.200905) (1927.95, 0.179323) (1927.96, 0.149801) (1927.95, 0.0343311) (1927.96, 0.033181) (1927.95, 0.0082745) (1927.96, 0.00820385) (1927.95, 0.00684629) (1927.97, 2.64292e-05) (1927.97, 2.2973e-05) 
  1946.94 [1.48205] (1946.94, 0.311917) (1946.94, 0.262643) (1946.94, 0.101667) (1946.94, 0.0846116) (1946.94, 0.0783083) (1946.94, 0.071999) (1946.94, 0.0334273) (1946.93, 0.0306377) (1946.94, 0.0131065) (1946.95, 0.00576425) (1946.93, 0.00518012) (1946.95, 0.000680146) (1946.93, 5.85983e-05) 
[ErrorEstimator] iterations:3 error:1.19994e-06
  982.472 [0.699312] (982.472, 0.741307) (982.473, 0.122277) (982.473, 0.0607825) (982.469, 0.0570904) (982.473, 0.0165512) (982.476, 0.00198489) (982.477, 6.41098e-06) (982.466, 9.27278e-07) 
  1263.54 [4.08415] (1263.54, 0.852441) (1263.55, 0.117115) (1263.55, 0.0253423) (1263.55, 0.00265324) (1263.54, 0.00202866) (1263.55, 0.000419536) 
  1352.65 [1.12002] (1352.65, 0.254833) (1352.65, 0.254331) (1352.65, 0.216179) (1352.65, 0.18182) (1352.65, 0.0644096) (1352.65, 0.0177992) (1352.65, 0.0104117) (1352.66, 0.000154763) (1352.64, 5.48901e-05) (1352.66, 5.40845e-06) (1352.66, 6.79404e-07) 
  1472.73 [1.44795] (1472.73, 0.665254) (1472.73, 0.0884195) (1472.73, 0.0794283) (1472.73, 0.0508736) (1472.74, 0.0461737) (1472.73, 0.0334453) (1472.74, 0.0157035) (1472.74, 0.0147373) (1472.74, 0.0057624) (1472.73, 0.00010236) (1472.74, 8.12658e-05) (1472.74, 1.74857e-05) (1472.72, 7.22279e-07) 
  1533.57 [0.0731587] (1533.57, 1) 
  1554.68 [1.10364] (1554.68, 0.558411) (1554.68, 0.182656) (1554.68, 0.130954) (1554.68, 0.078811) (1554.68, 0.0397224) (1554.67, 0.0093122) (1554.68, 0.000112877) (1554.69, 2.03292e-05) 
  1590.78 [1.70309] (1590.78, 0.290904) (1590.78, 0.21243) (1590.78, 0.13281) (1590.78, 0.124301) (1590.78, 0.11428) (1590.78, 0.0493353) (1590.79, 0.0401227) (1590.79, 0.03396) (1590.79, 0.00140756) (1590.77, 0.000315209) (1590.79, 0.000133839) (1590.77, 4.1179e-07) 
  1849.76 [0.236995] (1849.76, 0.977301) (1849.76, 0.0225982) (1849.77, 6.33934e-05) (1849.77, 3.72036e-05) 
  1927.96 [2.48776] (1927.96, 0.388424) (1927.95, 0.201896) (1927.95, 0.175816) (1927.96, 0.149194) (1927.95, 0.0326859) (1927.96, 0.031558) (1927.95, 0.00710684) (1927.96, 0.0070776) (1927.95, 0.00620463) (1927.97, 1.93702e-05) (1927.97, 1.74912e-05) 
  1946.94 [1.44254] (1946.94, 0.31532) (1946.94, 0.264116) (1946.94, 0.102705) (1946.94, 0.0849975) (1946.94, 0.0784793) (1946.94, 0.0704617) (1946.94, 0.0315613) (1946.93, 0.0292103) (1946.94, 0.0124364) (1946.95, 0.00533387) (1946.93, 0.00477771) (1946.95, 0.000555491) (1946.93, 4.55674e-05) 
[ErrorEstimator] iterations:4 error:1.18466e-06
  982.472 [0.674964] (982.472, 0.746007) (982.473, 0.121826) (982.473, 0.05986) (982.469, 0.0544126) (982.473, 0.0162073) (982.476, 0.00168251) (982.477, 4.7825e-06) (982.466, 6.75641e-07) 
  1263.54 [4.06627] (1263.54, 0.853969) (1263.55, 0.117638) (1263.55, 0.0239083) (1263.55, 0.00232208) (1263.54, 0.00181751) (1263.55, 0.000345748) 
  1352.65 [1.08039] (1352.65, 0.257366) (1352.65, 0.256845) (1352.65, 0.217318) (1352.65, 0.180418) (1352.65, 0.0620698) (1352.65, 0.0162828) (1352.65, 0.00953096) (1352.66, 0.000122278) (1352.64, 4.28456e-05) (1352.66, 4.00011e-06) 
  1472.73 [1.37814] (1472.73, 0.674263) (1472.73, 0.0894347) (1472.73, 0.0750623) (1472.73, 0.0506619) (1472.74, 0.0438215) (1472.73, 0.0322774) (1472.74, 0.0151283) (1472.74, 0.0138978) (1472.74, 0.00529214) (1472.73, 8.1767e-05) (1472.74, 6.54312e-05) (1472.74, 1.34817e-05) (1472.72, 5.25044e-07) 
  1533.57 [0.0731587] (1533.57, 1) 
  1554.68 [1.06313] (1554.68, 0.564154) (1554.68, 0.178811) (1554.68, 0.131566) (1554.68, 0.0795943) (1554.68, 0.0372486) (1554.67, 0.00851562) (1554.68, 9.4778e-05) (1554.69, 1.57679e-05) 
  1590.78 [1.64883] (1590.78, 0.295541) (1590.78, 0.215654) (1590.78, 0.134581) (1590.78, 0.120146) (1590.78, 0.111797) (1590.78, 0.0495763) (1590.79, 0.0388616) (1590.79, 0.0322702) (1590.79, 0.00120659) (1590.77, 0.000256724) (1590.79, 0.000109484) (1590.77, 2.9757e-07) 
  1849.76 [0.232078] (1849.76, 0.978278) (1849.76, 0.0216414) (1849.77, 5.14391e-05) (1849.77, 2.91621e-05) 
  1927.96 [2.41012] (1927.96, 0.3972) (1927.95, 0.202683) (1927.95, 0.172411) (1927.96, 0.148504) (1927.95, 0.0311711) (1927.96, 0.0300657) (1927.96, 0.00614608) (1927.95, 0.00614542) (1927.95, 0.00564623) (1927.97, 1.44062e-05) (1927.97, 1.34884e-05) 
  1946.94 [1.407] (1946.94, 0.318474) (1946.94, 0.265428) (1946.94, 0.103665) (1946.94, 0.0853353) (1946.94, 0.0786141) (1946.94, 0.0690066) (1946.94, 0.0298738) (1946.93, 0.0279055) (1946.94, 0.0118271) (1946.95, 0.00495292) (1946.93, 0.00442272) (1946.95, 0.000458105) (1946.93, 3.5867e-05) 
[ErrorEstimator] iterations:5 error:1.17075e-06
  982.472 [0.653265] (982.472, 0.75033) (982.473, 0.121375) (982.473, 0.0589869) (982.469, 0.0519814) (982.473, 0.0158848) (982.476, 0.00143841) (982.477, 3.62259e-06) (982.466, 5.00491e-07) 
  1263.54 [4.05081] (1263.54, 0.855289) (1263.55, 0.118117) (1263.55, 0.0226215) (1263.55, 0.00204631) (1263.54, 0.00163757) (1263.55, 0.000287822) 
  1352.65 [1.04515] (1352.65, 0.2597) (1352.65, 0.259162) (1352.65, 0.218328) (1352.65, 0.17904) (1352.65, 0.0599118) (1352.65, 0.0149607) (1352.65, 0.00876257) (1352.66, 9.77895e-05) (1352.64, 3.38732e-05) (1352.66, 3.00501e-06) 
  1472.73 [1.3148] (1472.73, 0.682498) (1472.73, 0.0903527) (1472.73, 0.0711058) (1472.73, 0.0504318) (1472.74, 0.0416791) (1472.73, 0.0311902) (1472.74, 0.0145942) (1472.74, 0.0131389) (1472.74, 0.00487925) (1472.73, 6.60571e-05) (1472.74, 5.32567e-05) (1472.74, 1.05321e-05) (1472.72, 3.87923e-07) 
  1533.57 [0.0731587] (1533.57, 1) 
  1554.68 [1.02651] (1554.68, 0.56945) (1554.68, 0.175182) (1554.68, 0.132103) (1554.68, 0.0803155) (1554.68, 0.0350356) (1554.67, 0.00782134) (1554.68, 8.02912e-05) (1554.69, 1.2391e-05) 
  1590.78 [1.59909] (1590.78, 0.29986) (1590.78, 0.218649) (1590.78, 0.136217) (1590.78, 0.116284) (1590.78, 0.109443) (1590.78, 0.0497822) (1590.79, 0.0376861) (1590.79, 0.0307328) (1590.79, 0.00104228) (1590.77, 0.000211272) (1590.79, 9.04736e-05) 
  1849.76 [0.227677] (1849.76, 0.979163) (1849.76, 0.0207717) (1849.77, 4.22006e-05) (1849.77, 2.31539e-05) 
  1927.96 [2.34103] (1927.96, 0.405426) (1927.95, 0.203297) (1927.95, 0.169135) (1927.96, 0.147755) (1927.95, 0.0297814) (1927.96, 0.0286984) (1927.96, 0.00537356) (1927.95, 0.0053515) (1927.95, 0.00516034) (1927.97, 1.0876e-05) (1927.97, 1.05385e-05) 
  1946.94 [1.37502] (1946.94, 0.321393) (1946.94, 0.266597) (1946.94, 0.104551) (1946.94, 0.0856304) (1946.94, 0.0787181) (1946.94, 0.0676355) (1946.94, 0.0283502) (1946.93, 0.0267153) (1946.94, 0.0112742) (1946.95, 0.00461581) (1946.93, 0.0041096) (1946.95, 0.000381543) (1946.93, 2.85822e-05) 
[ErrorEstimator] iterations:6 error:1.1581e-06
  982.472 [0.633887] (982.472, 0.754302) (982.473, 0.120929) (982.473, 0.0581642) (982.469, 0.0497776) (982.473, 0.0155836) (982.476, 0.00124036) (982.477, 2.78658e-06) (982.466, 3.7697e-07) 
  1263.54 [4.03741] (1263.54, 0.856433) (1263.55, 0.118558) (1263.55, 0.0214678) (1263.55, 0.00181589) (1263.54, 0.00148391) (1263.55, 0.000242046) 
  1352.65 [1.01375] (1352.65, 0.261849) (1352.65, 0.261293) (1352.65, 0.219224) (1352.65, 0.177698) (1352.65, 0.0579273) (1352.65, 0.0138075) (1352.65, 0.00809188) (1352.66, 7.91685e-05) (1352.64, 2.71271e-05) (1352.66, 2.29329e-06) 
  1472.73 [1.25744] (1472.73, 0.690009) (1472.73, 0.091181) (1472.73, 0.067528) (1472.73, 0.0501899) (1472.74, 0.0397326) (1472.73, 0.030182) (1472.74, 0.0141001) (1472.74, 0.0124542) (1472.74, 0.00451677) (1472.73, 5.39798e-05) (1472.74, 4.38281e-05) (1472.74, 8.3382e-06) 
  1533.57 [0.0731587] (1533.57, 1) 
  1554.68 [0.993412] (1554.68, 0.574324) (1554.68, 0.171773) (1554.68, 0.132572) (1554.68, 0.0809782) (1554.68, 0.0330576) (1554.67, 0.00721585) (1554.68, 6.86337e-05) (1554.69, 9.86688e-06) 
  1590.78 [1.55356] (1590.78, 0.303872) (1590.78, 0.221426) (1590.78, 0.137724) (1590.78, 0.112707) (1590.78, 0.107224) (1590.78, 0.0499571) (1590.79, 0.0365942) (1590.79, 0.0293369) (1590.79, 0.000907401) (1590.77, 0.000175705) (1590.79, 7.55373e-05) 
  1849.76 [0.223732] (1849.76, 0.979964) (1849.76, 0.019982) (1849.77, 3.50065e-05) (1849.77, 1.86221e-05) 
  1927.96 [2.27942] (1927.96, 0.413118) (1927.95, 0.203765) (1927.95, 0.166008) (1927.96, 0.14697) (1927.95, 0.0285107) (1927.96, 0.0274496) (1927.95, 0.00473748) (1927.96, 0.00473102) (1927.95, 0.0046938) (1927.97, 8.34375e-06) (1927.97, 8.33667e-06) 
  1946.94 [1.34623] (1946.94, 0.324089) (1946.94, 0.267635) (1946.94, 0.105367) (1946.94, 0.0858877) (1946.94, 0.078796) (1946.94, 0.0663491) (1946.94, 0.0269764) (1946.93, 0.0256318) (1946.94, 0.0107732) (1946.95, 0.00431756) (1946.93, 0.0038334) (1946.95, 0.000320969) (1946.93, 2.30628e-05) 
[ErrorEstimator] iterations:7 error:1.1466e-06
  982.472 [0.616543] (982.472, 0.757947) (982.473, 0.120494) (982.473, 0.0573923) (982.469, 0.0477826) (982.473, 0.0153032) (982.476, 0.00107884) (982.477, 2.17673e-06) 
  1263.54 [4.02575] (1263.54, 0.857424) (1263.55, 0.118961) (1263.55, 0.0204341) (1263.55, 0.00162269) (1263.54, 0.0013524) (1263.55, 0.000205628) 
  1352.65 [0.985758] (1352.65, 0.263825) (1352.65, 0.263252) (1352.65, 0.220017) (1352.65, 0.176403) (1352.65, 0.056107) (1352.65, 0.0128007) (1352.65, 0.00750605) (1352.66, 6.48844e-05) (1352.64, 2.20069e-05) (1352.66, 1.77795e-06) 
  1472.73 [1.20558] (1472.73, 0.696847) (1472.73, 0.0919271) (1472.73, 0.0642983) (1472.73, 0.0499415) (1472.74, 0.0379677) (1472.73, 0.0292504) (1472.74, 0.0136445) (1472.74, 0.0118375) (1472.74, 0.00419854) (1472.73, 4.46215e-05) (1472.74, 3.64713e-05) (1472.74, 6.69028e-06) 
  1533.57 [0.0731587] (1533.57, 1) 
  1554.68 [0.963529] (1554.68, 0.578802) (1554.68, 0.168585) (1554.68, 0.132981) (1554.68, 0.0815861) (1554.68, 0.0312909) (1554.67, 0.00668738) (1554.68, 5.92013e-05) (1554.69, 7.96157e-06) 
  1590.78 [1.51191] (1590.78, 0.307589) (1590.78, 0.223992) (1590.78, 0.139108) (1590.78, 0.109404) (1590.78, 0.10514) (1590.78, 0.0501048) (1590.79, 0.0355835) (1590.79, 0.0280718) (1590.79, 0.000796202) (1590.77, 0.000147677) (1590.79, 6.37218e-05) 
  1849.76 [0.220191] (1849.76, 0.980689) (1849.76, 0.019266) (1849.77, 2.9361e-05) (1849.77, 1.51712e-05) 
  1927.96 [2.22416] (1927.96, 0.420295) (1927.95, 0.204112) (1927.95, 0.163043) (1927.96, 0.146168) (1927.95, 0.0273521) (1927.96, 0.0263122) (1927.95, 0.00436932) (1927.96, 0.0041949) (1927.95, 0.00414711) (1927.97, 6.69497e-06) 
  1946.94 [1.32032] (1946.94, 0.326575) (1946.94, 0.268556) (1946.94, 0.106117) (1946.94, 0.0861116) (1946.94, 0.0788521) (1946.94, 0.0651469) (1946.94, 0.0257391) (1946.93, 0.0246472) (1946.94, 0.01032) (1946.95, 0.00405369) (1946.93, 0.00358973) (1946.95, 0.000272728) (1946.93, 1.8843e-05) 
[ErrorEstimator] iterations:8 error:1.13615e-06
  982.472 [0.601009] (982.472, 0.761289) (982.473, 0.120073) (982.473, 0.0566702) (982.469, 0.0459775) (982.473, 0.0150428) (982.476, 0.000946332) (982.477, 1.72619e-06) 
  1263.54 [4.01557] (1263.54, 0.858285) (1263.55, 0.119331) (1263.55, 0.0195078) (1263.55, 0.00146001) (1263.54, 0.00123951) (1263.55, 0.000176438) 
  1352.65 [0.960766] (1352.65, 0.265639) (1352.65, 0.265051) (1352.65, 0.220721) (1352.65, 0.175162) (1352.65, 0.0544399) (1352.65, 0.0119205) (1352.65, 0.00699354) (1352.66, 5.38224e-05) (1352.64, 1.80809e-05) (1352.66, 1.39991e-06) 
  1472.73 [1.15871] (1472.73, 0.703064) (1472.73, 0.0925983) (1472.73, 0.0613853) (1472.73, 0.049691) (1472.74, 0.0363695) (1472.73, 0.0283919) (1472.74, 0.0132255) (1472.74, 0.0112823) (1472.74, 0.00391888) (1472.73, 3.73068e-05) (1472.74, 3.06833e-05) (1472.74, 5.43932e-06) 
  1533.57 [0.0731587] (1533.57, 1) 
  1554.68 [0.936541] (1554.68, 0.582912) (1554.68, 0.165611) (1554.68, 0.133338) (1554.68, 0.0821432) (1554.68, 0.0297126) (1554.67, 0.00622538) (1554.68, 5.15211e-05) (1554.69, 6.50822e-06) 
  1590.78 [1.47383] (1590.78, 0.311024) (1590.78, 0.226359) (1590.78, 0.140377) (1590.78, 0.10636) (1590.78, 0.103191) (1590.78, 0.0502287) (1590.79, 0.03465) (1590.79, 0.0269262) (1590.79, 0.000704066) (1590.77, 0.000125418) (1590.79, 5.43042e-05) 
  1849.76 [0.217008] (1849.76, 0.981346) (1849.76, 0.018617) (1849.77, 2.48935e-05) (1849.77, 1.25165e-05) 
  1927.96 [2.17491] (1927.96, 0.426972) (1927.95, 0.204356) (1927.95, 0.160246) (1927.96, 0.145361) (1927.95, 0.0262973) (1927.96, 0.0252777) (1927.95, 0.00404829) (1927.96, 0.00374568) (1927.95, 0.00369067) (1927.97, 5.44316e-06) 
  1946.94 [1.29698] (1946.94, 0.328864) (1946.94, 0.269374) (1946.94, 0.106805) (1946.94, 0.0863063) (1946.94, 0.0788901) (1946.94, 0.0640267) (1946.94, 0.0246251) (1946.93, 0.0237533) (1946.94, 0.00991014) (1946.95, 0.00382006) (1946.93, 0.00337456) (1946.95, 0.000234031) (1946.93, 1.55851e-05) 
[ErrorEstimator] iterations:9 error:1.12668e-06
  982.472 [0.587087] (982.472, 0.764346) (982.473, 0.119667) (982.473, 0.0559979) (982.469, 0.0443479) (982.473, 0.014802) (982.476, 0.000837176) (982.477, 1.38974e-06) 
  1263.54 [4.00668] (1263.54, 0.859033) (1263.55, 0.11967) (1263.55, 0.018679) (1263.55, 0.00132267) (1263.54, 0.00114248) (1263.55, 0.000152909) 
  1352.65 [0.938428] (1352.65, 0.267302) (1352.65, 0.266699) (1352.65, 0.221344) (1352.65, 0.173981) (1352.65, 0.0529183) (1352.65, 0.0111509) (1352.65, 0.00654523) (1352.66, 4.51894e-05) (1352.64, 1.50455e-05) 
  1472.73 [1.11646] (1472.73, 0.708702) (1472.73, 0.0932009) (1472.73, 0.0587644) (1472.73, 0.0494427) (1472.74, 0.0349259) (1472.73, 0.0276038) (1472.74, 0.0128416) (1472.74, 0.0107838) (1472.74, 0.00367326) (1472.73, 3.15497e-05) (1472.74, 2.60998e-05) (1472.74, 4.48129e-06) 
  1533.57 [0.0731587] (1533.57, 1) 
  1554.68 [0.912208] (1554.68, 0.586673) (1554.68, 0.16285) (1554.68, 0.133648) (1554.68, 0.0826523) (1554.68, 0.0283047) (1554.67, 0.00582151) (1554.68, 4.52395e-05) (1554.69, 5.38999e-06) 
  1590.78 [1.4391] (1590.78, 0.314189) (1590.78, 0.228535) (1590.78, 0.141537) (1590.78, 0.103567) (1590.78, 0.101376) (1590.78, 0.0503318) (1590.79, 0.0337912) (1590.79, 0.0258914) (1590.79, 0.000627472) (1590.77, 0.000107634) (1590.79, 4.67543e-05) 
  1849.76 [0.214148] (1849.76, 0.981938) (1849.76, 0.0180299) (1849.77, 2.13349e-05) (1849.77, 1.04572e-05) 
  1927.96 [2.13078] (1927.96, 0.433165) (1927.95, 0.204518) (1927.95, 0.157623) (1927.96, 0.144564) (1927.95, 0.0253401) (1927.96, 0.0243398) (1927.95, 0.00376842) (1927.96, 0.0033684) (1927.95, 0.00330859) (1927.97, 4.4844e-06) 
  1946.94 [1.27598] (1946.94, 0.330966) (1946.94, 0.270099) (1946.94, 0.107437) (1946.94, 0.0864752) (1946.94, 0.0789134) (1946.94, 0.0629876) (1946.94, 0.0236241) (1946.93, 0.0229437) (1946.94, 0.00954043) (1946.95, 0.00361336) (1946.93, 0.00318466) (1946.95, 0.000202818) (1946.93, 1.305e-05) 
[ErrorEstimator] iterations:10 error:1.11809e-06
  982.472 [0.574601] (982.472, 0.767139) (982.473, 0.119281) (982.473, 0.055374) (982.469, 0.042878) (982.473, 0.0145798) (982.476, 0.000746782) (982.477, 1.13548e-06) 
  1263.54 [3.9989] (1263.54, 0.859683) (1263.55, 0.11998) (1263.55, 0.0179376) (1263.55, 0.00120632) (1263.54, 0.00105887) (1263.55, 0.000133813) 
  1352.65 [0.91852] (1352.65, 0.268823) (1352.65, 0.268206) (1352.65, 0.221895) (1352.65, 0.172863) (1352.65, 0.0515318) (1352.65, 0.0104773) (1352.65, 0.00615262) (1352.66, 3.83922e-05) (1352.64, 1.26762e-05) 
  1472.73 [1.07839] (1472.73, 0.713807) (1472.73, 0.0937411) (1472.73, 0.0564087) (1472.73, 0.0491995) (1472.74, 0.0336239) (1472.73, 0.0268822) (1472.74, 0.0124907) (1472.74, 0.0103364) (1472.74, 0.0034574) (1472.73, 2.69815e-05) (1472.74, 2.24422e-05) (1472.74, 3.74027e-06) 
  1533.57 [0.0731587] (1533.57, 1) 
  1554.68 [0.890279] (1554.68, 0.590109) (1554.68, 0.160295) (1554.68, 0.133918) (1554.68, 0.0831168) (1554.68, 0.0270491) (1554.67, 0.00546805) (1554.68, 4.00726e-05) (1554.69, 4.52114e-06) 
  1590.78 [1.40746] (1590.78, 0.317097) (1590.78, 0.230531) (1590.78, 0.142596) (1590.78, 0.101008) (1590.78, 0.0996928) (1590.78, 0.0504172) (1590.79, 0.0330032) (1590.79, 0.0249578) (1590.79, 0.000563511) (1590.77, 9.33221e-05) (1590.79, 4.06595e-05) 
  1849.76 [0.211578] (1849.76, 0.982473) (1849.76, 0.0174993) (1849.77, 1.84787e-05) (1849.77, 8.84457e-06) 
  1927.96 [2.0912] (1927.96, 0.438896) (1927.95, 0.204613) (1927.95, 0.155176) (1927.96, 0.143785) (1927.95, 0.024473) (1927.96, 0.023491) (1927.95, 0.00352417) (1927.96, 0.00305036) (1927.95, 0.0029875) (1927.97, 3.74279e-06) 
  1946.94 [1.2571] (1946.94, 0.332893) (1946.94, 0.27074) (1946.94, 0.108014) (1946.94, 0.0866215) (1946.94, 0.0789249) (1946.94, 0.0620267) (1946.94, 0.0227252) (1946.93, 0.0222115) (1946.94, 0.00920723) (1946.95, 0.00343043) (1946.93, 0.00301699) (1946.95, 0.000177474) (1946.93, 1.10592e-05) 
