[ErrorEstimator] iterations:0 error:1e-06
[ErrorEstimator] iterations:1 error:1.05291e-06
  982.472 [0.330045] (982.472, 0.716024) (982.473, 0.165045) (982.473, 0.0884566) (982.473, 0.0243123) (982.469, 0.00509177) (982.476, 0.00107014) 
  1263.54 [4.48891] (1263.54, 0.671711) (1263.55, 0.294968) (1263.55, 0.0318408) (1263.55, 0.00125915) (1263.54, 0.000134613) (1263.55, 8.71456e-05) 
  1352.65 [0.577673] (1352.65, 0.283202) (1352.65, 0.256801) (1352.65, 0.244979) (1352.65, 0.187607) (1352.65, 0.0196782) (1352.65, 0.00663673) (1352.65, 0.00108879) (1352.66, 6.86248e-06) 
  1472.73 [0.604009] (1472.73, 0.780641) (1472.73, 0.103724) (1472.73, 0.0397118) (1472.73, 0.0228714) (1472.74, 0.0216488) (1472.73, 0.0142545) (1472.74, 0.00926966) (1472.74, 0.00625966) (1472.74, 0.00161631) (1472.74, 2.76315e-06) 
  1533.57 [0.0645106] (1533.57, 1) 
  1554.68 [0.615883] (1554.68, 0.638854) (1554.68, 0.135818) (1554.68, 0.121151) (1554.68, 0.08959) (1554.68, 0.0125994) (1554.67, 0.00198129) (1554.68, 5.40959e-06) 
  1590.78 [0.999313] (1590.78, 0.355121) (1590.78, 0.260593) (1590.78, 0.152603) (1590.78, 0.0799605) (1590.78, 0.0717133) (1590.78, 0.0480558) (1590.79, 0.0198988) (1590.79, 0.0119591) (1590.79, 8.03147e-05) (1590.77, 1.09089e-05) (1590.79, 3.36364e-06) 
  1849.76 [0.509438] (1849.76, 0.977079) (1849.76, 0.0229207) 
  1927.96 [1.70919] (1927.96, 0.392208) (1927.95, 0.289629) (1927.95, 0.220251) (1927.96, 0.0559758) (1927.95, 0.0320385) (1927.96, 0.00379031) (1927.95, 0.00369517) (1927.95, 0.00231) (1927.96, 0.000102451) 
  1946.94 [1.18719] (1946.94, 0.298537) (1946.94, 0.200876) (1946.94, 0.16074) (1946.94, 0.138863) (1946.94, 0.129015) (1946.93, 0.0371523) (1946.94, 0.0236009) (1946.93, 0.00450208) (1946.94, 0.00432914) (1946.94, 0.00191942) (1946.95, 0.000458645) (1946.93, 6.18787e-06) 
[ErrorEstimator] iterations:2 error:1.09769e-06
  982.472 [0.368435] (982.472, 0.709998) (982.473, 0.163986) (982.473, 0.0908307) (982.473, 0.0254411) (982.469, 0.0077018) (982.476, 0.00203944) (982.477, 2.90718e-06) 
  1263.54 [4.59173] (1263.54, 0.690668) (1263.55, 0.268163) (1263.55, 0.0385321) (1263.55, 0.00217579) (1263.54, 0.000260024) (1263.55, 0.000201215) 
  1352.65 [0.661728] (1352.65, 0.274812) (1352.65, 0.251594) (1352.65, 0.241122) (1352.65, 0.194963) (1352.65, 0.0255054) (1352.65, 0.0101078) (1352.65, 0.00187391) (1352.66, 2.14248e-05) 
  1472.73 [0.786976] (1472.73, 0.754764) (1472.73, 0.101001) (1472.73, 0.042483) (1472.73, 0.0323624) (1472.74, 0.0287756) (1472.73, 0.0180441) (1472.74, 0.0114357) (1472.74, 0.00858916) (1472.74, 0.00253243) (1472.74, 8.40959e-06) (1472.73, 4.80998e-06) 
  1533.57 [0.0645106] (1533.57, 1) 
  1554.68 [0.726359] (1554.68, 0.618548) (1554.68, 0.138053) (1554.68, 0.135366) (1554.68, 0.0869) (1554.68, 0.0179215) (1554.67, 0.00319796) (1554.68, 1.35922e-05) 
  1590.78 [1.17483] (1590.78, 0.337191) (1590.78, 0.247965) (1590.78, 0.147065) (1590.78, 0.0914252) (1590.78, 0.0871279) (1590.78, 0.0484577) (1590.79, 0.0243616) (1590.79, 0.01618) (1590.79, 0.000185764) (1590.77, 3.1655e-05) (1590.79, 9.91949e-06) 
  1849.76 [0.520901] (1849.76, 0.973405) (1849.76, 0.0265931) (1849.77, 1.58959e-06) 
  1927.96 [1.86559] (1927.96, 0.368132) (1927.95, 0.280046) (1927.95, 0.234126) (1927.96, 0.0635808) (1927.95, 0.0384362) (1927.96, 0.00560486) (1927.95, 0.00547781) (1927.95, 0.00433881) (1927.96, 0.000257209) 
  1946.94 [1.28814] (1946.94, 0.295563) (1946.94, 0.206746) (1946.94, 0.151835) (1946.94, 0.133064) (1946.94, 0.124521) (1946.93, 0.0433564) (1946.94, 0.028794) (1946.94, 0.00648915) (1946.93, 0.00603653) (1946.94, 0.00279781) (1946.95, 0.000769192) (1946.93, 1.76219e-05) (1946.95, 1.08879e-05) 
[ErrorEstimator] iterations:3 error:1.13637e-06
  982.472 [0.410543] (982.472, 0.704568) (982.473, 0.162973) (982.473, 0.0924834) (982.473, 0.0262668) (982.469, 0.0104282) (982.476, 0.00327317) (982.477, 7.15499e-06) 
  1263.54 [4.67446] (1263.54, 0.702604) (1263.55, 0.249171) (1263.55, 0.0441902) (1263.55, 0.00324309) (1263.54, 0.000420689) (1263.55, 0.000371216) 
  1352.65 [0.742751] (1352.65, 0.267993) (1352.65, 0.247088) (1352.65, 0.23761) (1352.65, 0.199959) (1352.65, 0.0307766) (1352.65, 0.0137341) (1352.65, 0.0027859) (1352.66, 4.93684e-05) (1352.64, 2.90777e-06) 
  1472.73 [0.956482] (1472.73, 0.731571) (1472.73, 0.0984098) (1472.73, 0.0443599) (1472.73, 0.0415132) (1472.74, 0.0352524) (1472.73, 0.0213252) (1472.74, 0.0132615) (1472.74, 0.0107715) (1472.74, 0.00350151) (1472.74, 1.89533e-05) (1472.73, 1.1808e-05) (1472.74, 2.95315e-06) 
  1533.57 [0.0645106] (1533.57, 1) 
  1554.68 [0.82536] (1554.68, 0.601729) (1554.68, 0.151402) (1554.68, 0.134521) (1554.68, 0.0846499) (1554.68, 0.0231381) (1554.67, 0.00453133) (1554.68, 2.6673e-05) (1554.69, 2.51621e-06) 
  1590.78 [1.32291] (1590.78, 0.322679) (1590.78, 0.237667) (1590.78, 0.142281) (1590.78, 0.100309) (1590.78, 0.0999614) (1590.78, 0.0484703) (1590.79, 0.0281076) (1590.79, 0.0200924) (1590.79, 0.000342285) (1590.77, 6.89203e-05) (1590.79, 2.18554e-05) 
  1849.76 [0.530525] (1849.76, 0.97034) (1849.76, 0.0296549) (1849.77, 3.85636e-06) (1849.77, 1.5581e-06) 
  1927.96 [2.00827] (1927.96, 0.349467) (1927.95, 0.271723) (1927.95, 0.243569) (1927.96, 0.0694523) (1927.95, 0.0437091) (1927.96, 0.0074341) (1927.95, 0.00727891) (1927.95, 0.00686225) (1927.96, 0.000503624) 
  1946.94 [1.37748] (1946.94, 0.292384) (1946.94, 0.210449) (1946.94, 0.145098) (1946.94, 0.128508) (1946.94, 0.120897) (1946.93, 0.048407) (1946.94, 0.0332172) (1946.94, 0.00871054) (1946.93, 0.00746483) (1946.94, 0.00367912) (1946.95, 0.00112145) (1946.93, 3.79323e-05) (1946.95, 2.60631e-05) 
[ErrorEstimator] iterations:4 error:1.17022e-06
  982.472 [0.454826] (982.472, 0.69957) (982.473, 0.162002) (982.473, 0.093664) (982.473, 0.0268887) (982.469, 0.0131544) (982.476, 0.00470661) (982.477, 1.43013e-05) 
  1263.54 [4.74452] (1263.54, 0.710427) (1263.55, 0.234965) (1263.55, 0.0490047) (1263.55, 0.00440108) (1263.54, 0.000608119) (1263.55, 0.000593713) 
  1352.65 [0.819874] (1352.65, 0.262277) (1352.65, 0.243136) (1352.65, 0.234422) (1352.65, 0.203446) (1352.65, 0.0354904) (1352.65, 0.0173541) (1352.65, 0.0037728) (1352.66, 9.37015e-05) (1352.64, 6.4053e-06) (1352.66, 2.56473e-06) 
  1472.73 [1.11061] (1472.73, 0.710975) (1472.73, 0.0960249) (1472.73, 0.0500644) (1472.73, 0.0456553) (1472.74, 0.0410335) (1472.73, 0.0241448) (1472.74, 0.0147974) (1472.74, 0.0127659) (1472.74, 0.00447392) (1472.74, 3.52831e-05) (1472.73, 2.34777e-05) (1472.74, 6.22578e-06) 
  1533.57 [0.0645106] (1533.57, 1) 
  1554.68 [0.914145] (1554.68, 0.587545) (1554.68, 0.162133) (1554.68, 0.133524) (1554.68, 0.0827397) (1554.68, 0.0280968) (1554.67, 0.00591119) (1554.68, 4.4716e-05) (1554.69, 5.31709e-06) 
  1590.78 [1.44919] (1590.78, 0.310738) (1590.78, 0.229149) (1590.78, 0.138173) (1590.78, 0.110698) (1590.78, 0.107325) (1590.78, 0.0482951) (1590.79, 0.0312617) (1590.79, 0.0236495) (1590.79, 0.000545988) (1590.77, 0.000125018) (1590.79, 4.00094e-05) 
  1849.76 [0.538724] (1849.76, 0.967745) (1849.76, 0.0322437) (1849.77, 7.63044e-06) (1849.77, 3.4312e-06) 
  1927.96 [2.14053] (1927.96, 0.334455) (1927.95, 0.264466) (1927.95, 0.250143) (1927.96, 0.074058) (1927.95, 0.0480745) (1927.95, 0.00973117) (1927.96, 0.00920558) (1927.95, 0.00902615) (1927.96, 0.00084184) 
  1946.94 [1.45725] (1946.94, 0.289275) (1946.94, 0.212844) (1946.94, 0.139783) (1946.94, 0.124811) (1946.94, 0.1179) (1946.93, 0.0525711) (1946.94, 0.0369952) (1946.94, 0.0109021) (1946.93, 0.00877086) (1946.94, 0.00453239) (1946.95, 0.00149586) (1946.93, 6.83062e-05) (1946.95, 5.09337e-05) 
[ErrorEstimator] iterations:5 error:1.20012e-06
  982.472 [0.499987] (982.472, 0.694931) (982.473, 0.161075) (982.473, 0.0945197) (982.473, 0.0273665) (982.469, 0.0158067) (982.476, 0.00627636) (982.477, 2.47804e-05) 
  1263.54 [4.80578] (1263.54, 0.715671) (1263.55, 0.223924) (1263.55, 0.0531277) (1263.55, 0.00560235) (1263.55, 0.000861235) (1263.54, 0.00081397) 
  1352.65 [0.892571] (1352.65, 0.257391) (1352.65, 0.23964) (1352.65, 0.231533) (1352.65, 0.205919) (1352.65, 0.0396829) (1352.65, 0.0208675) (1352.65, 0.00479365) (1352.66, 0.000155712) (1352.64, 1.19825e-05) (1352.66, 4.93943e-06) 
  1472.73 [1.24947] (1472.73, 0.692759) (1472.73, 0.0938645) (1472.73, 0.0579163) (1472.73, 0.0465609) (1472.74, 0.0461499) (1472.73, 0.0265642) (1472.74, 0.0160923) (1472.74, 0.0145649) (1472.74, 0.0054189) (1472.74, 5.76448e-05) (1472.73, 4.04193e-05) (1472.74, 1.12292e-05) 
  1533.57 [0.0645106] (1533.57, 1) 
  1554.68 [0.99387] (1554.68, 0.575431) (1554.68, 0.170887) (1554.68, 0.132489) (1554.68, 0.0811) (1554.68, 0.0327267) (1554.67, 0.00728897) (1554.68, 6.73105e-05) (1554.69, 9.62138e-06) 
  1590.78 [1.55807] (1590.78, 0.300776) (1590.78, 0.222016) (1590.78, 0.13464) (1590.78, 0.11974) (1590.78, 0.112958) (1590.78, 0.0480311) (1590.79, 0.0339321) (1590.79, 0.0268523) (1590.79, 0.000789425) (1590.77, 0.000200214) (1590.79, 6.45429e-05) 
  1849.76 [0.54583] (1849.76, 0.965524) (1849.76, 0.0344568) (1849.77, 1.31264e-05) (1849.77, 6.42687e-06) 
  1927.96 [2.26397] (1927.96, 0.322065) (1927.95, 0.258101) (1927.95, 0.254773) (1927.96, 0.077717) (1927.95, 0.0517083) (1927.95, 0.0128104) (1927.96, 0.0108801) (1927.95, 0.01068) (1927.96, 0.00126306) (1927.97, 1.54667e-06) 
  1946.94 [1.52892] (1946.94, 0.286347) (1946.94, 0.214407) (1946.94, 0.135469) (1946.94, 0.121743) (1946.94, 0.115376) (1946.93, 0.0560423) (1946.94, 0.0402362) (1946.94, 0.0130101) (1946.93, 0.00995392) (1946.94, 0.00534108) (1946.95, 0.00187778) (1946.93, 0.000108858) (1946.95, 8.66277e-05) (1946.93, 1.29604e-06) 
[ErrorEstimator] iterations:6 error:1.22669e-06
  982.472 [0.545002] (982.472, 0.690618) (982.473, 0.160193) (982.473, 0.0951445) (982.473, 0.027739) (982.469, 0.0183401) (982.476, 0.00792639) (982.477, 3.87283e-05) 
  1263.54 [4.86037] (1263.54, 0.719217) (1263.55, 0.215098) (1263.55, 0.0566784) (1263.55, 0.00681097) (1263.55, 0.00116447) (1263.54, 0.00103085) 
  1352.65 [0.960705] (1352.65, 0.253161) (1352.65, 0.236532) (1352.65, 0.228917) (1352.65, 0.207691) (1352.65, 0.0434024) (1352.65, 0.0242146) (1352.65, 0.00581767) (1352.66, 0.000235107) (1352.64, 1.99228e-05) (1352.66, 8.40913e-06) (1352.66, 1.06623e-06) 
  1472.73 [1.37398] (1472.73, 0.676672) (1472.73, 0.091924) (1472.73, 0.0650517) (1472.74, 0.0506603) (1472.73, 0.047199) (1472.73, 0.0286428) (1472.74, 0.0171883) (1472.74, 0.016176) (1472.74, 0.00631836) (1472.74, 8.5747e-05) (1472.73, 6.27411e-05) (1472.74, 1.81037e-05) (1472.72, 3.84004e-07) 
  1533.57 [0.0645106] (1533.57, 1) 
  1554.68 [1.06551] (1554.68, 0.564987) (1554.68, 0.178116) (1554.68, 0.131474) (1554.68, 0.079681) (1554.68, 0.0370015) (1554.67, 0.00863217) (1554.68, 9.37631e-05) (1554.69, 1.55683e-05) 
  1590.78 [1.65285] (1590.78, 0.292368) (1590.78, 0.215979) (1590.78, 0.131591) (1590.78, 0.127408) (1590.78, 0.117544) (1590.78, 0.0477298) (1590.79, 0.0362062) (1590.79, 0.0297216) (1590.79, 0.00106371) (1590.77, 0.000293179) (1590.79, 9.50736e-05) (1590.77, 3.51763e-07) 
  1849.76 [0.552067] (1849.76, 0.963604) (1849.76, 0.036365) (1849.77, 2.04085e-05) (1849.77, 1.07088e-05) 
  1927.96 [2.37928] (1927.96, 0.311652) (1927.95, 0.258049) (1927.95, 0.252492) (1927.96, 0.0806541) (1927.95, 0.0547493) (1927.95, 0.0159879) (1927.96, 0.0124383) (1927.95, 0.0122208) (1927.96, 0.00175335) (1927.97, 2.73434e-06) 
  1946.94 [1.5935] (1946.94, 0.283637) (1946.94, 0.215424) (1946.94, 0.131895) (1946.94, 0.119156) (1946.94, 0.113222) (1946.93, 0.0589633) (1946.94, 0.0430293) (1946.94, 0.0150045) (1946.93, 0.0110199) (1946.94, 0.00609704) (1946.95, 0.00225671) (1946.93, 0.000158867) (1946.95, 0.000133297) (1946.93, 2.30579e-06) 
[ErrorEstimator] iterations:7 error:1.2504e-06
  982.472 [0.589089] (982.472, 0.686611) (982.473, 0.159361) (982.473, 0.0956013) (982.473, 0.0280327) (982.469, 0.0207284) (982.476, 0.0096097) (982.477, 5.60127e-05) 
  1263.54 [4.90959] (1263.54, 0.721608) (1263.55, 0.207895) (1263.55, 0.0597508) (1263.55, 0.00800041) (1263.55, 0.00149368) (1263.54, 0.00125254) 
  1352.65 [1.0242] (1352.65, 0.249467) (1352.65, 0.23376) (1352.65, 0.226552) (1352.65, 0.208964) (1352.65, 0.0466983) (1352.65, 0.0273615) (1352.65, 0.00682238) (1352.66, 0.000330362) (1352.64, 3.03198e-05) (1352.66, 1.30507e-05) (1352.66, 1.75495e-06) (1352.66, 5.1438e-07) 
  1472.73 [1.48534] (1472.73, 0.662472) (1472.73, 0.0901891) (1472.73, 0.0714941) (1472.74, 0.0546302) (1472.73, 0.0476501) (1472.73, 0.0304327) (1472.74, 0.0181202) (1472.74, 0.0176128) (1472.74, 0.00716238) (1472.74, 0.000118915) (1472.73, 9.01341e-05) (1472.74, 2.68366e-05) (1472.72, 6.40559e-07) 
  1533.57 [0.0645106] (1533.57, 1) 
  1554.68 [1.12992] (1554.68, 0.555919) (1554.68, 0.184144) (1554.68, 0.130507) (1554.68, 0.0784455) (1554.68, 0.0409186) (1554.67, 0.00991957) (1554.68, 0.000123245) (1554.69, 2.31653e-05) 
  1590.78 [1.736] (1590.78, 0.285207) (1590.78, 0.210826) (1590.78, 0.133948) (1590.78, 0.128948) (1590.78, 0.12132) (1590.78, 0.0474189) (1590.79, 0.0381533) (1590.79, 0.032285) (1590.79, 0.00135978) (1590.77, 0.000401504) (1590.79, 0.000130842) (1590.77, 5.79889e-07) 
  1849.76 [0.557602] (1849.76, 0.961933) (1849.76, 0.0380212) (1849.77, 2.94073e-05) (1849.77, 1.63413e-05) 
  1927.96 [2.48686] (1927.96, 0.302782) (1927.95, 0.260361) (1927.95, 0.247529) (1927.96, 0.0830314) (1927.95, 0.0573065) (1927.95, 0.0191751) (1927.96, 0.0138729) (1927.95, 0.0136405) (1927.96, 0.00229657) (1927.97, 4.37524e-06) 
  1946.94 [1.65193] (1946.94, 0.281155) (1946.94, 0.216071) (1946.94, 0.128889) (1946.94, 0.116948) (1946.94, 0.111368) (1946.93, 0.06144) (1946.94, 0.045446) (1946.94, 0.0168697) (1946.93, 0.0119774) (1946.94, 0.00679699) (1946.95, 0.00262525) (1946.93, 0.000217048) (1946.95, 0.000190273) (1946.93, 3.71163e-06) (1946.93, 2.15841e-06) 
[ErrorEstimator] iterations:8 error:1.27162e-06
  982.472 [0.631673] (982.472, 0.682896) (982.473, 0.15858) (982.473, 0.0959343) (982.473, 0.0282661) (982.469, 0.0229579) (982.476, 0.0112886) (982.477, 7.62966e-05) 
  1263.54 [4.95424] (1263.54, 0.723196) (1263.55, 0.201919) (1263.55, 0.0624199) (1263.55, 0.00915176) (1263.55, 0.00183958) (1263.54, 0.00147405) 
  1352.65 [1.08312] (1352.65, 0.24622) (1352.65, 0.231282) (1352.65, 0.224414) (1352.65, 0.209877) (1352.65, 0.0496179) (1352.65, 0.0302918) (1352.65, 0.00779202) (1352.66, 0.000439132) (1352.64, 4.30927e-05) (1352.66, 1.88559e-05) (1352.66, 2.6638e-06) (1352.66, 7.96587e-07) 
  1472.73 [1.58482] (1472.73, 0.649931) (1472.73, 0.088642) (1472.73, 0.0772867) (1472.74, 0.0581232) (1472.73, 0.0479685) (1472.73, 0.0319782) (1472.74, 0.0189159) (1472.74, 0.0188914) (1472.74, 0.00794638) (1472.74, 0.000156248) (1472.73, 0.000121989) (1472.74, 3.72896e-05) (1472.72, 9.82715e-07) 
  1533.57 [0.0645106] (1533.57, 1) 
  1554.68 [1.18782] (1554.68, 0.548005) (1554.68, 0.189215) (1554.68, 0.129601) (1554.68, 0.0773645) (1554.68, 0.044489) (1554.67, 0.0111381) (1554.68, 0.000154901) (1554.69, 3.2308e-05) 
  1590.78 [1.8094] (1590.78, 0.279062) (1590.78, 0.206396) (1590.78, 0.139557) (1590.78, 0.126648) (1590.78, 0.124461) (1590.78, 0.0471135) (1590.79, 0.0398285) (1590.79, 0.0345716) (1590.79, 0.00166925) (1590.77, 0.000522197) (1590.79, 0.000170876) (1590.77, 8.81167e-07) 
  1849.76 [0.562555] (1849.76, 0.960471) (1849.76, 0.0394662) (1849.77, 3.99508e-05) (1849.77, 2.32943e-05) 
  1927.96 [2.58723] (1927.96, 0.295151) (1927.95, 0.261974) (1927.95, 0.243123) (1927.96, 0.0849689) (1927.95, 0.0594663) (1927.95, 0.0223051) (1927.96, 0.0151835) (1927.95, 0.0149387) (1927.96, 0.0028764) (1927.97, 7.07776e-06) (1927.97, 6.48205e-06) 
  1946.94 [1.7048] (1946.94, 0.278896) (1946.94, 0.216465) (1946.94, 0.126332) (1946.94, 0.115047) (1946.94, 0.10976) (1946.93, 0.0635538) (1946.94, 0.047545) (1946.94, 0.0185992) (1946.93, 0.0128356) (1946.94, 0.00744069) (1946.95, 0.00297841) (1946.93, 0.000281809) (1946.95, 0.000256297) (1946.93, 5.52991e-06) (1946.93, 3.33231e-06) 
[ErrorEstimator] iterations:9 error:1.29064e-06
  982.472 [0.67236] (982.472, 0.679462) (982.473, 0.157852) (982.473, 0.096175) (982.473, 0.028453) (982.469, 0.0250244) (982.476, 0.0129346) (982.477, 9.91128e-05) 
  1263.54 [4.99492] (1263.54, 0.724217) (1263.55, 0.196898) (1263.55, 0.0647473) (1263.55, 0.0102524) (1263.55, 0.00219398) (1263.54, 0.00169155) 
  1352.65 [1.13762] (1352.65, 0.243354) (1352.65, 0.229064) (1352.65, 0.222484) (1352.65, 0.210528) (1352.65, 0.0522049) (1352.65, 0.0330015) (1352.65, 0.00871626) (1352.66, 0.000558664) (1352.64, 5.80247e-05) (1352.66, 2.57459e-05) (1352.66, 3.79253e-06) (1352.66, 1.15358e-06) 
  1472.73 [1.67368] (1472.73, 0.638845) (1472.73, 0.0872638) (1472.73, 0.0824828) (1472.74, 0.0611986) (1472.73, 0.0481922) (1472.73, 0.0333169) (1472.74, 0.0200281) (1472.74, 0.0195985) (1472.74, 0.00866944) (1472.74, 0.000196758) (1472.73, 0.000157521) (1472.74, 4.92378e-05) (1472.72, 1.41127e-06) 
  1533.57 [0.0645106] (1533.57, 1) 
  1554.68 [1.23989] (1554.68, 0.541067) (1554.68, 0.193511) (1554.68, 0.128764) (1554.68, 0.076415) (1554.68, 0.047732) (1554.67, 0.0122809) (1554.68, 0.000187929) (1554.69, 4.28123e-05) 
  1590.78 [1.87453] (1590.78, 0.273754) (1590.78, 0.202564) (1590.78, 0.144391) (1590.78, 0.127094) (1590.78, 0.124638) (1590.78, 0.0468217) (1590.79, 0.0412762) (1590.79, 0.0366101) (1590.79, 0.0019848) (1590.77, 0.000652092) (1590.79, 0.000214127) (1590.77, 1.25554e-06) 
  1849.76 [0.567019] (1849.76, 0.959184) (1849.76, 0.0407324) (1849.77, 5.18021e-05) (1849.77, 3.1462e-05) 
  1927.96 [2.68024] (1927.96, 0.288535) (1927.95, 0.263081) (1927.95, 0.239204) (1927.96, 0.086559) (1927.95, 0.0612988) (1927.95, 0.0253307) (1927.96, 0.0163748) (1927.95, 0.0161194) (1927.96, 0.00347789) (1927.97, 1.03009e-05) (1927.97, 9.03713e-06) 
  1946.94 [1.75274] (1946.94, 0.276847) (1946.94, 0.216684) (1946.94, 0.124137) (1946.94, 0.113399) (1946.94, 0.108356) (1946.93, 0.0653683) (1946.94, 0.0493744) (1946.94, 0.0201934) (1946.93, 0.0136041) (1946.94, 0.00802979) (1946.95, 0.0033131) (1946.93, 0.000351467) (1946.95, 0.000329773) (1946.93, 7.75032e-06) (1946.93, 4.81342e-06) 
[ErrorEstimator] iterations:10 error:1.30771e-06
  982.472 [0.710883] (982.472, 0.676297) (982.473, 0.157175) (982.473, 0.0963467) (982.473, 0.0286034) (982.469, 0.0269279) (982.476, 0.0145252) (982.477, 0.000123907) (982.466, 3.88646e-07) 
  1263.54 [5.03201] (1263.54, 0.724836) (1263.55, 0.192636) (1263.55, 0.0667818) (1263.55, 0.0112935) (1263.55, 0.00254966) (1263.54, 0.00190207) 
  1352.65 [1.18785] (1352.65, 0.240817) (1352.65, 0.227077) (1352.65, 0.220742) (1352.65, 0.210986) (1352.65, 0.054497) (1352.65, 0.0354922) (1352.65, 0.00958814) (1352.66, 0.000685988) (1352.64, 7.47914e-05) (1352.66, 3.3583e-05) (1352.66, 5.12705e-06) (1352.66, 1.58235e-06) 
  1472.73 [1.75301] (1472.73, 0.62904) (1472.73, 0.087134) (1472.73, 0.0860371) (1472.74, 0.0639073) (1472.73, 0.0483473) (1472.73, 0.0344792) (1472.74, 0.0210377) (1472.74, 0.020186) (1472.74, 0.00933231) (1472.74, 0.000239431) (1472.73, 0.000195841) (1472.74, 6.23949e-05) (1472.72, 1.92147e-06) 
  1533.57 [0.0645106] (1533.57, 1) 
  1554.68 [1.28672] (1554.68, 0.534967) (1554.68, 0.197172) (1554.68, 0.127995) (1554.68, 0.0755787) (1554.68, 0.050668) (1554.67, 0.0133442) (1554.68, 0.00022159) (1554.69, 5.4435e-05) (1554.67, 2.88293e-07) 
  1590.78 [1.93267] (1590.78, 0.269146) (1590.78, 0.199233) (1590.78, 0.148572) (1590.78, 0.129316) (1590.78, 0.122876) (1590.78, 0.0465476) (1590.79, 0.0425314) (1590.79, 0.0384261) (1590.79, 0.0023001) (1590.77, 0.000788006) (1590.79, 0.000259531) (1590.79, 3.61067e-06) (1590.77, 1.69836e-06) 
  1849.76 [0.571061] (1849.76, 0.958049) (1849.76, 0.0418453) (1849.77, 6.46797e-05) (1849.77, 4.06771e-05) 
  1927.96 [2.76625] (1927.96, 0.282769) (1927.95, 0.263817) (1927.95, 0.235713) (1927.96, 0.0878704) (1927.95, 0.0628589) (1927.95, 0.0282172) (1927.96, 0.0174527) (1927.95, 0.0171884) (1927.96, 0.00408746) (1927.97, 1.41851e-05) (1927.97, 1.1996e-05) 
  1946.94 [1.79621] (1946.94, 0.274993) (1946.94, 0.216782) (1946.94, 0.122241) (1946.94, 0.111963) (1946.94, 0.107126) (1946.93, 0.0669326) (1946.94, 0.0509726) (1946.94, 0.0216549) (1946.93, 0.0142915) (1946.94, 0.00856663) (1946.95, 0.00362734) (1946.93, 0.000424329) (1946.95, 0.000408892) (1946.93, 1.03383e-05) (1946.93, 6.58854e-06) 
