[ErrorEstimator] iterations:0 error:9.49843e-07
[ErrorEstimator] iterations:1 error:9.2489e-07
  982.471 [0.736895] (982.472, 0.839609) (982.473, 0.0751814) (982.469, 0.0567075) (982.473, 0.0233436) (982.473, 0.0051505) (982.476, 7.70717e-06) 
  1263.54 [3.31745] (1263.54, 0.933141) (1263.55, 0.0639749) (1263.55, 0.00258573) (1263.54, 0.000258061) (1263.55, 3.99668e-05) 
  1352.65 [0.677676] (1352.65, 0.319387) (1352.65, 0.299609) (1352.65, 0.216627) (1352.65, 0.125571) (1352.65, 0.035259) (1352.65, 0.00199525) (1352.65, 0.00155191) 
  1472.73 [0.465403] (1472.73, 0.80119) (1472.73, 0.100873) (1472.73, 0.0420746) (1472.73, 0.0204675) (1472.73, 0.0137791) (1472.74, 0.0119113) (1472.74, 0.00572556) (1472.74, 0.00328231) (1472.74, 0.000697204) 
  1533.57 [0.0576463] (1533.57, 1) 
  1554.68 [0.516285] (1554.68, 0.646806) (1554.68, 0.138396) (1554.68, 0.113002) (1554.68, 0.091131) (1554.68, 0.00972057) (1554.67, 0.000943056) (1554.68, 2.43695e-06) 
  1590.78 [0.779924] (1590.78, 0.381502) (1590.78, 0.264341) (1590.78, 0.169939) (1590.78, 0.0545737) (1590.78, 0.0533517) (1590.78, 0.0430866) (1590.79, 0.0211541) (1590.79, 0.0119946) (1590.79, 5.44098e-05) (1590.79, 1.86749e-06) 
  1849.76 [0.0313354] (1849.76, 0.99609) (1849.76, 0.00390749) (1849.77, 2.02972e-06) 
  1927.96 [1.19316] (1927.96, 0.607727) (1927.96, 0.211066) (1927.95, 0.109146) (1927.95, 0.04322) (1927.96, 0.0241107) (1927.95, 0.00341225) (1927.96, 0.00110525) (1927.95, 0.000167065) (1927.95, 4.64606e-05) 
  1946.94 [0.778439] (1946.94, 0.392582) (1946.94, 0.333809) (1946.94, 0.0769174) (1946.94, 0.0713302) (1946.94, 0.0495804) (1946.94, 0.0416737) (1946.94, 0.0198723) (1946.94, 0.00840786) (1946.93, 0.00310885) (1946.95, 0.00248737) (1946.93, 0.000197876) (1946.95, 3.25327e-05) 
[ErrorEstimator] iterations:2 error:9.02191e-07
  982.471 [0.702813] (982.472, 0.85046) (982.473, 0.072234) (982.469, 0.0513232) (982.473, 0.0213724) (982.473, 0.00461036) 
  1263.54 [3.30979] (1263.54, 0.935687) (1263.55, 0.0620765) (1263.55, 0.00202691) (1263.54, 0.000185227) (1263.55, 2.43944e-05) 
  1352.65 [0.63829] (1352.65, 0.325623) (1352.65, 0.304393) (1352.65, 0.216217) (1352.65, 0.119752) (1352.65, 0.0313687) (1352.65, 0.0015171) (1352.65, 0.00112882) 
  1472.73 [0.399298] (1472.73, 0.8117) (1472.73, 0.101492) (1472.73, 0.0403564) (1472.73, 0.01664) (1472.73, 0.0119712) (1472.74, 0.00976456) (1472.74, 0.00492425) (1472.74, 0.00263648) (1472.74, 0.00051453) 
  1533.57 [0.0576463] (1533.57, 1) 
  1554.68 [0.471765] (1554.68, 0.65651) (1554.68, 0.138268) (1554.68, 0.104259) (1554.68, 0.0924282) (1554.68, 0.00784259) (1554.67, 0.000690541) (1554.68, 1.38966e-06) 
  1590.78 [0.699808] (1590.78, 0.390116) (1590.78, 0.269141) (1590.78, 0.172682) (1590.78, 0.0541279) (1590.78, 0.0479174) (1590.78, 0.0371946) (1590.79, 0.0187599) (1590.79, 0.010028) (1590.79, 3.30061e-05) 
  1849.76 [0.0273905] (1849.76, 0.996742) (1849.76, 0.00325662) (1849.77, 1.11863e-06) 
  1927.96 [1.09647] (1927.96, 0.629164) (1927.96, 0.206232) (1927.95, 0.102868) (1927.95, 0.0372816) (1927.96, 0.0209229) (1927.95, 0.0026608) (1927.96, 0.000734689) (1927.95, 0.000110461) (1927.95, 2.57512e-05) 
  1946.94 [0.736216] (1946.94, 0.40081) (1946.94, 0.337796) (1946.94, 0.07628) (1946.94, 0.0678276) (1946.94, 0.0480028) (1946.94, 0.0399662) (1946.94, 0.0172345) (1946.94, 0.00738752) (1946.93, 0.0024907) (1946.95, 0.00204469) (1946.93, 0.000141632) (1946.95, 1.89667e-05) 
[ErrorEstimator] iterations:3 error:8.81941e-07
  982.471 [0.67193] (982.472, 0.860423) (982.473, 0.0693827) (982.469, 0.0464854) (982.473, 0.0195785) (982.473, 0.00413079) 
  1263.54 [3.30359] (1263.54, 0.938002) (1263.55, 0.0602536) (1263.55, 0.00159526) (1263.54, 0.000133688) (1263.55, 1.50144e-05) 
  1352.65 [0.603748] (1352.65, 0.331506) (1352.65, 0.308829) (1352.65, 0.215578) (1352.65, 0.114171) (1352.65, 0.0279336) (1352.65, 0.00115775) (1352.65, 0.000824714) 
  1472.73 [0.344753] (1472.73, 0.820691) (1472.73, 0.101922) (1472.73, 0.038667) (1472.73, 0.0135527) (1472.73, 0.0104072) (1472.74, 0.00801801) (1472.74, 0.00423857) (1472.74, 0.00212198) (1472.74, 0.000381039) 
  1533.57 [0.0576463] (1533.57, 1) 
  1554.68 [0.432958] (1554.68, 0.665363) (1554.68, 0.137972) (1554.68, 0.0962089) (1554.68, 0.0936049) (1554.68, 0.00634316) (1554.67, 0.00050775) (1554.68, 7.99216e-07) 
  1590.78 [0.629915] (1590.78, 0.397881) (1590.78, 0.273333) (1590.78, 0.175029) (1590.78, 0.0535736) (1590.78, 0.0430207) (1590.78, 0.0321184) (1590.79, 0.0166342) (1590.79, 0.00839117) (1590.79, 2.01513e-05) 
  1849.76 [0.024158] (1849.76, 0.997277) (1849.76, 0.00272247) (1849.77, 6.22842e-07) 
  1927.96 [1.01064] (1927.96, 0.649214) (1927.96, 0.201047) (1927.95, 0.0967903) (1927.95, 0.0321549) (1927.96, 0.0181522) (1927.95, 0.0020782) (1927.96, 0.000490514) (1927.95, 7.33631e-05) 
  1946.94 [0.698851] (1946.94, 0.408579) (1946.94, 0.341355) (1946.94, 0.0755694) (1946.94, 0.064477) (1946.94, 0.0464465) (1946.94, 0.0383111) (1946.94, 0.0149661) (1946.94, 0.00649789) (1946.93, 0.00200077) (1946.95, 0.00168452) (1946.93, 0.000101843) (1946.95, 1.11484e-05) 
[ErrorEstimator] iterations:4 error:8.64277e-07
  982.471 [0.644491] (982.472, 0.869354) (982.473, 0.0667013) (982.469, 0.0422436) (982.473, 0.0179864) (982.473, 0.0037151) 
  1263.54 [3.29844] (1263.54, 0.940086) (1263.55, 0.0585486) (1263.55, 0.00126802) (1263.54, 9.78035e-05) 
  1352.65 [0.573917] (1352.65, 0.336932) (1352.65, 0.312853) (1352.65, 0.214771) (1352.65, 0.108969) (1352.65, 0.024973) (1352.65, 0.00089278) (1352.65, 0.000609958) 
  1472.73 [0.300683] (1472.73, 0.828237) (1472.73, 0.102193) (1472.73, 0.0370628) (1472.73, 0.0111179) (1472.73, 0.00908814) (1472.74, 0.00662919) (1472.74, 0.00366624) (1472.74, 0.00172109) (1472.74, 0.000285359) 
  1533.57 [0.0576463] (1533.57, 1) 
  1554.68 [0.399747] (1554.68, 0.673266) (1554.68, 0.137547) (1554.68, 0.0946493) (1554.68, 0.0889883) (1554.68, 0.00517096) (1554.67, 0.000377803) (1554.68, 4.69947e-07) 
  1590.78 [0.570392] (1590.78, 0.404718) (1590.78, 0.276898) (1590.78, 0.176981) (1590.78, 0.0529502) (1590.78, 0.0387279) (1590.78, 0.0278548) (1590.79, 0.0147966) (1590.79, 0.00706115) (1590.79, 1.25372e-05) 
  1849.76 [0.0215539] (1849.76, 0.997707) (1849.76, 0.0022929) 
  1927.96 [0.936468] (1927.96, 0.667487) (1927.96, 0.195752) (1927.95, 0.0910949) (1927.95, 0.0278418) (1927.96, 0.0158062) (1927.95, 0.00163631) (1927.96, 0.000332322) (1927.95, 4.94541e-05) 
  1946.94 [0.666399] (1946.94, 0.41575) (1946.94, 0.344458) (1946.94, 0.0748204) (1946.94, 0.0613611) (1946.94, 0.0449581) (1946.94, 0.0367532) (1946.94, 0.0130603) (1946.94, 0.00574052) (1946.93, 0.00162044) (1946.95, 0.00139772) (1946.93, 7.41781e-05) (1946.95, 6.69389e-06) 
[ErrorEstimator] iterations:5 error:8.49223e-07
  982.471 [0.620743] (982.472, 0.87715) (982.473, 0.0642562) (982.469, 0.0386196) (982.473, 0.0166104) (982.473, 0.00336374) 
  1263.54 [3.29451] (1263.54, 0.941904) (1263.55, 0.0569984) (1263.55, 0.00102403) (1263.54, 7.31173e-05) 
  1352.65 [0.548618] (1352.65, 0.34181) (1352.65, 0.316412) (1352.65, 0.213866) (1352.65, 0.104266) (1352.65, 0.0224848) (1352.65, 0.000700522) (1352.65, 0.000460373) 
  1472.73 [0.265786] (1472.73, 0.834447) (1472.73, 0.102338) (1472.73, 0.0355931) (1472.73, 0.00923772) (1472.73, 0.00800319) (1472.74, 0.00554828) (1472.74, 0.00320007) (1472.74, 0.00141498) (1472.74, 0.000217827) 
  1533.57 [0.0576463] (1533.57, 1) 
  1554.68 [0.371888] (1554.68, 0.680152) (1554.68, 0.137043) (1554.68, 0.095554) (1554.68, 0.0826916) (1554.68, 0.00427239) (1554.67, 0.000286733) 
  1590.78 [0.520952] (1590.78, 0.410591) (1590.78, 0.279853) (1590.78, 0.178558) (1590.78, 0.0523012) (1590.78, 0.0350692) (1590.78, 0.024363) (1590.79, 0.0132507) (1590.79, 0.00600516) (1590.79, 8.05073e-06) 
  1849.76 [0.0195107] (1849.76, 0.998046) (1849.76, 0.00195424) 
  1927.96 [0.873345] (1927.96, 0.683704) (1927.96, 0.190604) (1927.95, 0.0859413) (1927.95, 0.0243062) (1927.96, 0.0138716) (1927.95, 0.00130765) (1927.96, 0.000230921) (1927.95, 3.42037e-05) 
  1946.94 [0.638798] (1946.94, 0.422197) (1946.94, 0.347093) (1946.94, 0.0740713) (1946.94, 0.0585513) (1946.94, 0.0435816) (1946.94, 0.0353327) (1946.94, 0.0114968) (1946.94, 0.00511135) (1946.93, 0.00133077) (1946.95, 0.00117401) (1946.93, 5.51911e-05) (1946.95, 4.1614e-06) 
[ErrorEstimator] iterations:6 error:8.36673e-07
  982.471 [0.60071] (982.472, 0.883779) (982.473, 0.0620953) (982.469, 0.0355997) (982.473, 0.0154518) (982.473, 0.00307383) 
  1263.54 [3.29138] (1263.54, 0.943469) (1263.55, 0.0556307) (1263.55, 0.000844429) (1263.54, 5.62392e-05) 
  1352.65 [0.527568] (1352.65, 0.346079) (1352.65, 0.31948) (1352.65, 0.212936) (1352.65, 0.100143) (1352.65, 0.0204427) (1352.65, 0.000562585) (1352.65, 0.000356995) 
  1472.73 [0.238627] (1472.73, 0.839467) (1472.73, 0.102393) (1472.73, 0.0342922) (1472.73, 0.00781042) (1472.73, 0.00713091) (1472.74, 0.00472189) (1472.74, 0.00282858) (1472.74, 0.00118499) (1472.74, 0.000170613) 
  1533.57 [0.0576463] (1533.57, 1) 
  1554.68 [0.34899] (1554.68, 0.686008) (1554.68, 0.136507) (1554.68, 0.0963191) (1554.68, 0.0773485) (1554.68, 0.00359448) (1554.67, 0.000223447) 
  1590.78 [0.480824] (1590.78, 0.415517) (1590.78, 0.282243) (1590.78, 0.179801) (1590.78, 0.0516675) (1590.78, 0.0320324) (1590.78, 0.0215676) (1590.79, 0.0119826) (1590.79, 0.00518333) (1590.79, 5.3935e-06) 
  1849.76 [0.0179275] (1849.76, 0.998308) (1849.76, 0.00169184) 
  1927.96 [0.820777] (1927.96, 0.697703) (1927.96, 0.185821) (1927.95, 0.0814311) (1927.95, 0.0214744) (1927.96, 0.0123135) (1927.95, 0.00106675) (1927.96, 0.000166062) (1927.95, 2.44934e-05) 
  1946.94 [0.615763] (1946.94, 0.427841) (1946.94, 0.349278) (1946.94, 0.0733579) (1946.94, 0.0560937) (1946.94, 0.0423508) (1946.94, 0.0340781) (1946.94, 0.0102417) (1946.94, 0.00460048) (1946.93, 0.00111352) (1946.95, 0.00100251) (1946.93, 4.22468e-05) 
[ErrorEstimator] iterations:7 error:8.26429e-07
  982.471 [0.584198] (982.472, 0.889283) (982.473, 0.0602407) (982.469, 0.0331383) (982.473, 0.0144986) (982.473, 0.00283958) 
  1263.54 [3.28892] (1263.54, 0.944785) (1263.55, 0.0544574) (1263.55, 0.000713239) (1263.54, 4.4694e-05) 
  1352.65 [0.510366] (1352.65, 0.349719) (1352.65, 0.322061) (1352.65, 0.21204) (1352.65, 0.0966294) (1352.65, 0.0188005) (1352.65, 0.00046415) (1352.65, 0.000285639) 
  1472.73 [0.217765] (1472.73, 0.843464) (1472.73, 0.10239) (1472.73, 0.033176) (1472.73, 0.00673997) (1472.73, 0.00644258) (1472.74, 0.00409819) (1472.74, 0.00253773) (1472.74, 0.00101408) (1472.74, 0.000137698) 
  1533.57 [0.0576463] (1533.57, 1) 
  1554.68 [0.3305] (1554.68, 0.690875) (1554.68, 0.13598) (1554.68, 0.0969517) (1554.68, 0.0729245) (1554.68, 0.00308868) (1554.67, 0.000179553) 
  1590.78 [0.44888] (1590.78, 0.419561) (1590.78, 0.284138) (1590.78, 0.180759) (1590.78, 0.0510806) (1590.78, 0.0295688) (1590.78, 0.0193708) (1590.79, 0.0109645) (1590.79, 0.00455343) (1590.79, 3.79557e-06) 
  1849.76 [0.016717] (1849.76, 0.998509) (1849.76, 0.0014912) 
  1927.96 [0.777858] (1927.96, 0.709483) (1927.96, 0.181551) (1927.95, 0.0776006) (1927.95, 0.0192486) (1927.96, 0.0110831) (1927.95, 0.00089173) (1927.96, 0.00012431) (1927.95, 1.82675e-05) 
  1946.94 [0.596999] (1946.94, 0.432653) (1946.94, 0.351046) (1946.94, 0.0727072) (1946.94, 0.0540037) (1946.94, 0.0412839) (1946.94, 0.0330021) (1946.94, 0.00925204) (1946.94, 0.00419357) (1946.93, 0.000952267) (1946.95, 0.000872705) (1946.93, 3.342e-05) 
[ErrorEstimator] iterations:8 error:8.18219e-07
  982.471 [0.570873] (982.472, 0.893752) (982.473, 0.0586919) (982.469, 0.0311715) (982.473, 0.013731) (982.473, 0.00265379) 
  1263.54 [3.28699] (1263.54, 0.945868) (1263.55, 0.0534772) (1263.55, 0.000617834) (1263.54, 3.6761e-05) 
  1352.65 [0.496554] (1352.65, 0.352747) (1352.65, 0.324183) (1352.65, 0.211223) (1352.65, 0.0937136) (1352.65, 0.0175037) (1352.65, 0.000394021) (1352.65, 0.000236241) 
  1472.73 [0.20191] (1472.73, 0.8466) (1472.73, 0.102354) (1472.73, 0.0322451) (1472.73, 0.00594412) (1472.73, 0.00590794) (1472.74, 0.00363196) (1472.74, 0.00231333) (1472.74, 0.000888012) (1472.74, 0.000114721) 
  1533.57 [0.0576463] (1533.57, 1) 
  1554.68 [0.315817] (1554.68, 0.694836) (1554.68, 0.135494) (1554.68, 0.0974642) (1554.68, 0.0693421) (1554.68, 0.00271422) (1554.67, 0.000149041) 
  1590.78 [0.423827] (1590.78, 0.422817) (1590.78, 0.285615) (1590.78, 0.181487) (1590.78, 0.0505614) (1590.78, 0.0276098) (1590.78, 0.0176711) (1590.79, 0.010162) (1590.79, 0.0040764) 
  1849.76 [0.0158012] (1849.76, 0.998661) (1849.76, 0.00133942) 
  1927.96 [0.743461] (1927.96, 0.71916) (1927.96, 0.177875) (1927.95, 0.0744346) (1927.95, 0.0175266) (1927.96, 0.0101272) (1927.95, 0.000765173) (1927.96, 9.71126e-05) (1927.95, 1.42261e-05) 
  1946.94 [0.581944] (1946.94, 0.436655) (1946.94, 0.352451) (1946.94, 0.0721367) (1946.94, 0.0522724) (1946.94, 0.0403858) (1946.94, 0.0321044) (1946.94, 0.00848362) (1946.94, 0.00387487) (1946.93, 0.000833418) (1946.95, 0.000775418) (1946.93, 2.73735e-05) 
[ErrorEstimator] iterations:9 error:8.11748e-07
  982.471 [0.560308] (982.472, 0.897314) (982.473, 0.0574285) (982.469, 0.0296253) (982.473, 0.0131234) (982.473, 0.00250864) 
  1263.54 [3.2855] (1263.54, 0.946743) (1263.55, 0.052677) (1263.55, 0.000548506) (1263.54, 3.12645e-05) 
  1352.65 [0.485631] (1352.65, 0.355211) (1352.65, 0.325892) (1352.65, 0.21051) (1352.65, 0.0913474) (1352.65, 0.016494) (1352.65, 0.000343944) (1352.65, 0.00020181) 
  1472.73 [0.189947] (1472.73, 0.849035) (1472.73, 0.102304) (1472.73, 0.031487) (1472.73, 0.00549754) (1472.73, 0.00535521) (1472.74, 0.00328539) (1472.74, 0.00214205) (1472.74, 0.000795341) (1472.74, 9.85946e-05) 
  1533.57 [0.0576463] (1533.57, 1) 
  1554.68 [0.304318] (1554.68, 0.698001) (1554.68, 0.135067) (1554.68, 0.097872) (1554.68, 0.0664943) (1554.68, 0.00243809) (1554.67, 0.000127701) 
  1590.78 [0.404513] (1590.78, 0.425395) (1590.78, 0.286751) (1590.78, 0.182032) (1590.78, 0.0501186) (1590.78, 0.0260766) (1590.78, 0.0163707) (1590.79, 0.00953857) (1590.79, 0.00371796) 
  1849.76 [0.0151133] (1849.76, 0.998775) (1849.76, 0.0012254) 
  1927.96 [0.71632] (1927.96, 0.726949) (1927.96, 0.174807) (1927.95, 0.0718765) (1927.95, 0.0162096) (1927.96, 0.00939352) (1927.95, 0.000673717) (1927.96, 7.91078e-05) (1927.95, 1.15584e-05) 
  1946.94 [0.570048] (1946.94, 0.439912) (1946.94, 0.353549) (1946.94, 0.0716532) (1946.94, 0.0508697) (1946.94, 0.0396485) (1946.94, 0.0313727) (1946.94, 0.00789387) (1946.94, 0.00362848) (1946.93, 0.000746104) (1946.95, 0.000702929) (1946.93, 2.31963e-05) 
[ErrorEstimator] iterations:10 error:8.06715e-07
  982.471 [0.552058] (982.472, 0.900108) (982.473, 0.0564192) (982.469, 0.0284264) (982.473, 0.0126498) (982.473, 0.00239668) 
  1263.54 [3.28435] (1263.54, 0.947437) (1263.55, 0.052037) (1263.55, 0.000498104) (1263.54, 2.74217e-05) 
  1352.65 [0.477111] (1352.65, 0.357178) (1352.65, 0.327244) (1352.65, 0.20991) (1352.65, 0.0894649) (1352.65, 0.0157175) (1352.65, 0.000308062) (1352.65, 0.000177622) 
  1472.73 [0.180974] (1472.73, 0.850905) (1472.73, 0.10225) (1472.73, 0.0308825) (1472.73, 0.00518558) (1472.73, 0.00492078) (1472.74, 0.00302877) (1472.74, 0.00201244) (1472.74, 0.000727346) (1472.74, 8.72022e-05) 
  1533.57 [0.0576463] (1533.57, 1) 
  1554.68 [0.295423] (1554.68, 0.700489) (1554.68, 0.134706) (1554.68, 0.0981916) (1554.68, 0.0642666) (1554.68, 0.00223495) (1554.67, 0.000112667) 
  1590.78 [0.389748] (1590.78, 0.427407) (1590.78, 0.287615) (1590.78, 0.182438) (1590.78, 0.0497528) (1590.78, 0.0248926) (1590.78, 0.0153851) (1590.79, 0.00906006) (1590.79, 0.00345026) 
  1849.76 [0.0145994] (1849.76, 0.99886) (1849.76, 0.00114023) 
  1927.96 [0.695202] (1927.96, 0.733107) (1927.96, 0.172311) (1927.95, 0.0698497) (1927.95, 0.0152116) (1927.96, 0.00883606) (1927.95, 0.000607561) (1927.96, 6.6986e-05) (1927.95, 9.76671e-06) 
  1946.94 [0.56078] (1946.94, 0.442511) (1946.94, 0.354396) (1946.94, 0.071255) (1946.94, 0.0497552) (1946.94, 0.0390564) (1946.94, 0.0307886) (1946.94, 0.00744557) (1946.94, 0.00344007) (1946.93, 0.000682067) (1946.95, 0.000649147) (1946.93, 2.02832e-05) 
