[ErrorEstimator] iterations:0 error:7.57014e-07
[ErrorEstimator] iterations:1 error:7.36601e-07
  1393.67 [0.449002] (1393.67, 0.299327) (1393.67, 0.291481) (1393.67, 0.27214) (1393.67, 0.121405) (1393.68, 0.0113529) (1393.68, 0.00291204) (1393.68, 0.000921392) (1393.67, 0.000239349) (1393.67, 0.000207771) (1393.67, 1.36127e-05) 
  1923.8 [0.0652854] (1923.8, 1) 
  2078.03 [0.438081] (2078.03, 0.500927) (2078.03, 0.199198) (2078.03, 0.187677) (2078.03, 0.0750928) (2078.03, 0.0370744) (2078.04, 2.22674e-05) (2078.02, 6.11481e-06) (2078.04, 1.6259e-06) 
  2271.1 [0.0696495] (2271.1, 0.994537) (2271.11, 0.00441321) (2271.1, 0.000585687) (2271.11, 0.00045985) (2271.11, 2.41346e-06) (2271.09, 2.11786e-06) 
  2358.02 [0.920672] (2358.02, 0.603228) (2358.03, 0.167781) (2358.02, 0.165345) (2358.02, 0.0636104) (2358.02, 3.59134e-05) 
  2443.03 [0.203385] (2443.03, 0.606805) (2443.03, 0.393195) 
  2524.25 [0.942642] (2524.25, 0.363294) (2524.24, 0.316529) (2524.25, 0.276725) (2524.24, 0.0414035) (2524.25, 0.00199946) (2524.25, 4.88742e-05) 
  2920.37 [1.05938] (2920.37, 0.468381) (2920.38, 0.265775) (2920.37, 0.172538) (2920.37, 0.0921182) (2920.36, 0.00108184) (2920.36, 0.000105901) 
  3031.44 [1.00934] (3031.44, 0.569809) (3031.43, 0.355386) (3031.43, 0.0690343) (3031.43, 0.0027579) (3031.43, 0.00197339) (3031.43, 0.0010389) 
  5426.47 [0.268377] (5426.47, 0.999891) (5426.48, 0.000108511) 
[ErrorEstimator] iterations:2 error:7.2357e-07
  1393.67 [0.436771] (1393.67, 0.300599) (1393.67, 0.284013) (1393.67, 0.278104) (1393.67, 0.123273) (1393.68, 0.0104911) (1393.68, 0.00249292) (1393.68, 0.000711142) (1393.67, 0.000167399) (1393.67, 0.000140083) (1393.67, 8.29073e-06) 
  1923.8 [0.0652854] (1923.8, 1) 
  2078.03 [0.405346] (2078.03, 0.510373) (2078.03, 0.202888) (2078.03, 0.186223) (2078.03, 0.0661427) (2078.03, 0.0343566) (2078.04, 1.30818e-05) (2078.02, 3.61137e-06) (2078.04, 8.57311e-07) 
  2271.1 [0.062668] (2271.1, 0.995774) (2271.11, 0.00352298) (2271.1, 0.000401438) (2271.11, 0.000299054) (2271.11, 1.26324e-06) (2271.09, 1.10041e-06) 
  2358.02 [0.90047] (2358.02, 0.614597) (2358.03, 0.165402) (2358.02, 0.162866) (2358.02, 0.0571135) (2358.02, 2.20217e-05) 
  2443.03 [0.2005] (2443.03, 0.612607) (2443.03, 0.387393) 
  2524.25 [0.928503] (2524.25, 0.363204) (2524.24, 0.326483) (2524.25, 0.269062) (2524.24, 0.0396058) (2524.25, 0.00161316) (2524.25, 3.20088e-05) 
  2920.37 [1.0211] (2920.37, 0.487485) (2920.38, 0.257711) (2920.37, 0.169775) (2920.37, 0.0841598) (2920.36, 0.000800526) (2920.36, 6.87696e-05) 
  3031.44 [0.946976] (3031.44, 0.594606) (3031.43, 0.339522) (3031.43, 0.0615373) (3031.43, 0.00213295) (3031.43, 0.00144056) (3031.43, 0.000760593) 
  5426.47 [0.267921] (5426.47, 0.999935) (5426.48, 6.49703e-05) 
[ErrorEstimator] iterations:3 error:7.15077e-07
  1393.67 [0.428975] (1393.67, 0.301371) (1393.67, 0.282158) (1393.67, 0.278929) (1393.67, 0.124524) (1393.68, 0.00993709) (1393.68, 0.00224111) (1393.68, 0.000595626) (1393.67, 0.000131081) (1393.67, 0.000106979) (1393.67, 5.90672e-06) 
  1923.8 [0.0652854] (1923.8, 1) 
  2078.03 [0.38478] (2078.03, 0.516469) (2078.03, 0.205265) (2078.03, 0.185071) (2078.03, 0.0605965) (2078.03, 0.0325867) (2078.04, 9.08845e-06) (2078.02, 2.51802e-06) 
  2271.1 [0.0589355] (2271.1, 0.996447) (2271.11, 0.00301995) (2271.1, 0.000310089) (2271.11, 0.000222859) 
  2358.02 [0.887528] (2358.02, 0.622142) (2358.03, 0.163705) (2358.02, 0.161105) (2358.02, 0.053032) (2358.02, 1.57587e-05) 
  2443.03 [0.198538] (2443.03, 0.616552) (2443.03, 0.383448) 
  2524.25 [0.919071] (2524.25, 0.363) (2524.24, 0.333329) (2524.25, 0.263846) (2524.24, 0.0384078) (2524.25, 0.00139258) (2524.25, 2.3963e-05) 
  2920.37 [0.995803] (2920.37, 0.500449) (2920.38, 0.252075) (2920.37, 0.167735) (2920.37, 0.0790385) (2920.36, 0.000650991) (2920.36, 5.11512e-05) 
  3031.44 [0.906719] (3031.44, 0.611115) (3031.43, 0.328532) (3031.43, 0.0567925) (3031.43, 0.00178652) (3031.43, 0.00115991) (3031.43, 0.000613627) 
  5426.47 [0.26772] (5426.47, 0.999954) (5426.48, 4.57665e-05) 
[ErrorEstimator] iterations:4 error:7.09466e-07
  1393.67 [0.423883] (1393.67, 0.301854) (1393.67, 0.284913) (1393.67, 0.275477) (1393.67, 0.125365) (1393.68, 0.00957502) (1393.68, 0.00208396) (1393.68, 0.000527782) (1393.67, 0.000110944) (1393.67, 8.90126e-05) (1393.67, 4.6876e-06) 
  1923.8 [0.0652854] (1923.8, 1) 
  2078.03 [0.371559] (2078.03, 0.520465) (2078.03, 0.206821) (2078.03, 0.18422) (2078.03, 0.0570643) (2078.03, 0.0314211) (2078.04, 7.0883e-06) (2078.02, 1.96869e-06) 
  2271.1 [0.056801] (2271.1, 0.996839) (2271.11, 0.0027188) (2271.1, 0.000260046) (2271.11, 0.000182379) 
  2358.02 [0.879084] (2358.02, 0.627184) (2358.03, 0.16252) (2358.02, 0.159877) (2358.02, 0.050407) (2358.02, 1.25426e-05) 
  2443.03 [0.197205] (2443.03, 0.619232) (2443.03, 0.380768) 
  2524.25 [0.912736] (2524.25, 0.362796) (2524.24, 0.338016) (2524.25, 0.260304) (2524.24, 0.0376055) (2524.25, 0.00125959) (2524.25, 1.96695e-05) 
  2920.37 [0.978939] (2920.37, 0.509235) (2920.38, 0.248186) (2920.37, 0.166279) (2920.37, 0.0756922) (2920.36, 0.000565168) (2920.36, 4.17889e-05) 
  3031.44 [0.880303] (3031.44, 0.622154) (3031.43, 0.321004) (3031.43, 0.05373) (3031.43, 0.00158209) (3031.43, 0.000999932) (3031.43, 0.000529708) 
  5426.47 [0.267619] (5426.47, 0.999964) (5426.48, 3.60463e-05) 
[ErrorEstimator] iterations:5 error:7.05723e-07
  1393.67 [0.420508] (1393.67, 0.302163) (1393.67, 0.286784) (1393.67, 0.273134) (1393.67, 0.125932) (1393.68, 0.00933558) (1393.68, 0.00198323) (1393.68, 0.000486054) (1393.67, 9.90328e-05) (1393.67, 7.85389e-05) (1393.67, 4.00497e-06) 
  1923.8 [0.0652854] (1923.8, 1) 
  2078.03 [0.362911] (2078.03, 0.523113) (2078.03, 0.207851) (2078.03, 0.183612) (2078.03, 0.0547698) (2078.03, 0.0306467) (2078.04, 5.9842e-06) (2078.02, 1.66482e-06) 
  2271.1 [0.0555023] (2271.1, 0.997079) (2271.11, 0.00253116) (2271.1, 0.000230687) (2271.11, 0.000159117) 
  2358.02 [0.873504] (2358.02, 0.63057) (2358.03, 0.1617) (2358.02, 0.159029) (2358.02, 0.04869) (2358.02, 1.07369e-05) 
  2443.03 [0.1963] (2443.03, 0.621051) (2443.03, 0.378949) 
  2524.25 [0.908463] (2524.25, 0.362627) (2524.24, 0.341215) (2524.25, 0.257899) (2524.24, 0.0370661) (2524.25, 0.00117633) (2524.25, 1.7195e-05) 
  2920.37 [0.96763] (2920.37, 0.515189) (2920.38, 0.245521) (2920.37, 0.16526) (2920.37, 0.0734803) (2920.36, 0.000513215) (2920.36, 3.64098e-05) 
  3031.44 [0.862778] (3031.44, 0.629565) (3031.43, 0.315873) (3031.43, 0.0517233) (3031.43, 0.00145601) (3031.43, 0.000903565) (3031.43, 0.000479098) 
  5426.47 [0.267562] (5426.47, 0.999969) (5426.48, 3.06407e-05) 
[ErrorEstimator] iterations:6 error:7.0321e-07
  1393.67 [0.418252] (1393.67, 0.302365) (1393.67, 0.288055) (1393.67, 0.271543) (1393.67, 0.126316) (1393.68, 0.00917585) (1393.68, 0.00191744) (1393.68, 0.000459555) (1393.67, 9.16665e-05) (1393.67, 7.2125e-05) (1393.67, 3.5982e-06) 
  1923.8 [0.0652854] (1923.8, 1) 
  2078.03 [0.357184] (2078.03, 0.524882) (2078.03, 0.20854) (2078.03, 0.183185) (2078.03, 0.0532577) (2078.03, 0.0301285) (2078.04, 5.33269e-06) (2078.02, 1.48526e-06) 
  2271.1 [0.054683] (2271.1, 0.997231) (2271.11, 0.00241093) (2271.1, 0.000212629) (2271.11, 0.000145011) 
  2358.02 [0.869782] (2358.02, 0.632853) (2358.03, 0.161137) (2358.02, 0.158447) (2358.02, 0.0475532) (2358.02, 9.65896e-06) 
  2443.03 [0.195686] (2443.03, 0.622287) (2443.03, 0.377713) 
  2524.25 [0.905573] (2524.25, 0.362498) (2524.24, 0.343395) (2524.25, 0.256266) (2524.24, 0.0367022) (2524.25, 0.00112281) (2524.25, 1.56914e-05) 
  2920.37 [0.960012] (2920.37, 0.519228) (2920.38, 0.2437) (2920.37, 0.164553) (2920.37, 0.0720054) (2920.36, 0.00048058) (2920.36, 3.31484e-05) 
  3031.44 [0.851058] (3031.44, 0.63456) (3031.43, 0.31238) (3031.43, 0.0503933) (3031.43, 0.00137582) (3031.43, 0.000843241) (3031.43, 0.000447391) 
  5426.47 [0.267528] (5426.47, 0.999973) (5426.48, 2.74343e-05) 
[ErrorEstimator] iterations:7 error:7.01516e-07
  1393.67 [0.416735] (1393.67, 0.302498) (1393.67, 0.28892) (1393.67, 0.270463) (1393.67, 0.126576) (1393.68, 0.00906863) (1393.68, 0.00187392) (1393.68, 0.000442353) (1393.67, 8.69701e-05) (1393.67, 6.80631e-05) (1393.67, 3.34534e-06) 
  1923.8 [0.0652854] (1923.8, 1) 
  2078.03 [0.353359] (2078.03, 0.526071) (2078.03, 0.209002) (2078.03, 0.182889) (2078.03, 0.0522512) (2078.03, 0.0297799) (2078.04, 4.93036e-06) (2078.02, 1.37426e-06) 
  2271.1 [0.0541535] (2271.1, 0.99733) (2271.11, 0.00233242) (2271.1, 0.000201159) (2271.11, 0.000136136) 
  2358.02 [0.867285] (2358.02, 0.634396) (2358.03, 0.160752) (2358.02, 0.158049) (2358.02, 0.046794) (2358.02, 8.98802e-06) 
  2443.03 [0.195268] (2443.03, 0.623127) (2443.03, 0.376873) 
  2524.25 [0.903615] (2524.25, 0.362405) (2524.24, 0.344881) (2524.25, 0.255156) (2524.24, 0.036456) (2524.25, 0.00108778) (2524.25, 1.47442e-05) 
  2920.37 [0.954865] (2920.37, 0.521969) (2920.38, 0.242457) (2920.37, 0.164067) (2920.37, 0.0710158) (2920.36, 0.000459553) (2920.36, 3.10971e-05) 
  3031.44 [0.843177] (3031.44, 0.637935) (3031.43, 0.310005) (3031.43, 0.0495047) (3031.43, 0.00132372) (3031.43, 0.000804467) (3031.43, 0.000427) 
  5426.47 [0.267508] (5426.47, 0.999975) (5426.48, 2.54471e-05) 
[ErrorEstimator] iterations:8 error:7.00371e-07
  1393.67 [0.41571] (1393.67, 0.302587) (1393.67, 0.289507) (1393.67, 0.269729) (1393.67, 0.126753) (1393.68, 0.00899636) (1393.68, 0.00184486) (1393.68, 0.000431019) (1393.67, 8.39133e-05) (1393.67, 6.54313e-05) (1393.67, 3.18354e-06) 
  1923.8 [0.0652854] (1923.8, 1) 
  2078.03 [0.350789] (2078.03, 0.526873) (2078.03, 0.209314) (2078.03, 0.182686) (2078.03, 0.0515767) (2078.03, 0.0295447) (2078.04, 4.6741e-06) (2078.02, 1.30352e-06) 
  2271.1 [0.0538055] (2271.1, 0.997395) (2271.11, 0.00228047) (2271.1, 0.000193712) (2271.11, 0.000130411) 
  2358.02 [0.865601] (2358.02, 0.635442) (2358.03, 0.160488) (2358.02, 0.157777) (2358.02, 0.046284) (2358.02, 8.55838e-06) 
  2443.03 [0.194984] (2443.03, 0.623697) (2443.03, 0.376303) 
  2524.25 [0.902286] (2524.25, 0.362338) (2524.24, 0.345892) (2524.25, 0.254402) (2524.24, 0.0362893) (2524.25, 0.00106457) (2524.25, 1.41327e-05) 
  2920.37 [0.95138] (2920.37, 0.523831) (2920.38, 0.241611) (2920.37, 0.163733) (2920.37, 0.0703489) (2920.36, 0.000445769) (2920.36, 2.97742e-05) 
  3031.44 [0.837859] (3031.44, 0.640221) (3031.43, 0.308389) (3031.43, 0.0489076) (3031.43, 0.00128937) (3031.43, 0.000779091) (3031.43, 0.000413651) 
  5426.47 [0.267494] (5426.47, 0.999976) (5426.48, 2.41783e-05) 
[ErrorEstimator] iterations:9 error:6.99595e-07
  1393.67 [0.415017] (1393.67, 0.302646) (1393.67, 0.289907) (1393.67, 0.26923) (1393.67, 0.126872) (1393.68, 0.00894751) (1393.68, 0.00182536) (1393.68, 0.000423475) (1393.67, 8.18954e-05) (1393.67, 6.36992e-05) (1393.67, 3.07798e-06) 
  1923.8 [0.0652854] (1923.8, 1) 
  2078.03 [0.349056] (2078.03, 0.527416) (2078.03, 0.209525) (2078.03, 0.182546) (2078.03, 0.0511225) (2078.03, 0.0293856) (2078.04, 4.50741e-06) (2078.02, 1.25748e-06) 
  2271.1 [0.0535743] (2271.1, 0.997439) (2271.11, 0.0022458) (2271.1, 0.000188805) (2271.11, 0.000126655) 
  2358.02 [0.864463] (2358.02, 0.636151) (2358.03, 0.160309) (2358.02, 0.157592) (2358.02, 0.0459401) (2358.02, 8.27789e-06) 
  2443.03 [0.194791] (2443.03, 0.624085) (2443.03, 0.375915) 
  2524.25 [0.901384] (2524.25, 0.362291) (2524.24, 0.34658) (2524.25, 0.25389) (2524.24, 0.0361761) (2524.25, 0.00104907) (2524.25, 1.37312e-05) 
  2920.37 [0.949016] (2920.37, 0.525097) (2920.38, 0.241034) (2920.37, 0.163505) (2920.37, 0.0698982) (2920.36, 0.000436626) (2920.36, 2.89063e-05) 
  3031.44 [0.834261] (3031.44, 0.641771) (3031.43, 0.307291) (3031.43, 0.0485049) (3031.43, 0.00126649) (3031.43, 0.000762278) (3031.43, 0.000404803) 
  5426.47 [0.267486] (5426.47, 0.999977) (5426.48, 2.33516e-05) 
[ErrorEstimator] iterations:10 error:6.99069e-07
  1393.67 [0.414547] (1393.67, 0.302686) (1393.67, 0.290178) (1393.67, 0.268891) (1393.67, 0.126954) (1393.68, 0.00891441) (1393.68, 0.0018122) (1393.68, 0.000418418) (1393.67, 8.05504e-05) (1393.67, 6.25472e-05) (1393.67, 3.00817e-06) 
  1923.8 [0.0652854] (1923.8, 1) 
  2078.03 [0.347884] (2078.03, 0.527783) (2078.03, 0.209667) (2078.03, 0.18245) (2078.03, 0.0508156) (2078.03, 0.0292777) (2078.04, 4.39742e-06) (2078.02, 1.2271e-06) 
  2271.1 [0.0534195] (2271.1, 0.997468) (2271.11, 0.00222251) (2271.1, 0.000185537) (2271.11, 0.000124162) 
  2358.02 [0.863692] (2358.02, 0.636632) (2358.03, 0.160186) (2358.02, 0.157466) (2358.02, 0.0457075) (2358.02, 8.09235e-06) 
  2443.03 [0.19466] (2443.03, 0.624349) (2443.03, 0.375651) 
  2524.25 [0.900771] (2524.25, 0.362259) (2524.24, 0.347049) (2524.25, 0.253541) (2524.24, 0.0360993) (2524.25, 0.00103865) (2524.25, 1.34646e-05) 
  2920.37 [0.947412] (2920.37, 0.525957) (2920.38, 0.240642) (2920.37, 0.16335) (2920.37, 0.069593) (2920.36, 0.000430512) (2920.36, 2.83303e-05) 
  3031.44 [0.831822] (3031.44, 0.642823) (3031.43, 0.306544) (3031.43, 0.0482325) (3031.43, 0.00125116) (3031.43, 0.000751043) (3031.43, 0.000398891) 
  5426.47 [0.26748] (5426.47, 0.999977) (5426.48, 2.28054e-05) 
