0    101.0000000000 1.0000000000
0    815.0000000000 1.0000000000
0    153.0000000000 1.0000000000
0    795.0000000000 1.0000000000
0    855.0000000000 1.0000000000
0    328.0000000000 1.0000000000
0    214.0000000000 1.0000000000
0    922.0000000000 1.0000000000
0    766.0000000000 1.0000000000
0    284.0000000000 1.0000000000
1    101.0000000000 1.0000000000
1    815.0000000000 1.0000000000
1    153.0000000000 1.0000000000
1    795.0000000000 1.0000000000
1    855.0000000000 1.0000000000
1    328.0000000000 1.0000000000
1    214.0000000000 1.0000000000
1    922.0000000000 1.0000000000
1    766.0000000000 1.0000000000
1    284.0000000000 1.0000000000
2    101.0000000000 1.0000000000
2    815.0000000000 1.0000000000
2    153.0000000000 1.0000000000
2    795.0000000000 1.0000000000
2    855.0000000000 1.0000000000
2    328.0000000000 1.0000000000
2    214.0000000000 1.0000000000
2    922.0000000000 1.0000000000
2    766.0000000000 1.0000000000
2    284.0000000000 1.0000000000
3    101.0000000000 1.0000000000
3    815.0000000000 1.0000000000
3    153.0000000000 1.0000000000
3    795.0000000000 1.0000000000
3    855.0000000000 1.0000000000
3    328.0000000000 1.0000000000
3    214.0000000000 1.0000000000
3    922.0000000000 1.0000000000
3    766.0000000000 1.0000000000
3    284.0000000000 1.0000000000
4    101.0000000000 1.0000000000
4    815.0000000000 1.0000000000
4    153.0000000000 1.0000000000
4    795.0000000000 1.0000000000
4    855.0000000000 1.0000000000
4    328.0000000000 1.0000000000
4    214.0000000000 1.0000000000
4    922.0000000000 1.0000000000
4    766.0000000000 1.0000000000
4    284.0000000000 1.0000000000
5    101.0000000000 1.0000000000
5    815.0000000000 1.0000000000
5    153.0000000000 1.0000000000
5    795.0000000000 1.0000000000
5    855.0000000000 1.0000000000
5    328.0000000000 1.0000000000
5    214.0000000000 1.0000000000
5    922.0000000000 1.0000000000
5    766.0000000000 1.0000000000
5    284.0000000000 1.0000000000
6    101.0000000000 1.0000000000
6    815.0000000000 1.0000000000
6    153.0000000000 1.0000000000
6    795.0000000000 1.0000000000
6    855.0000000000 1.0000000000
6    328.0000000000 1.0000000000
6    214.0000000000 1.0000000000
6    922.0000000000 1.0000000000
6    766.0000000000 1.0000000000
6    284.0000000000 1.0000000000
7    101.0000000000 1.0000000000
7    815.0000000000 1.0000000000
7    153.0000000000 1.0000000000
7    795.0000000000 1.0000000000
7    855.0000000000 1.0000000000
7    328.0000000000 1.0000000000
7    214.0000000000 1.0000000000
7    922.0000000000 1.0000000000
7    766.0000000000 1.0000000000
7    284.0000000000 1.0000000000
8    101.0000000000 1.0000000000
8    815.0000000000 1.0000000000
8    153.0000000000 1.0000000000
8    795.0000000000 1.0000000000
8    855.0000000000 1.0000000000
8    328.0000000000 1.0000000000
8    214.0000000000 1.0000000000
8    922.0000000000 1.0000000000
8    766.0000000000 1.0000000000
8    284.0000000000 1.0000000000
9    101.0000000000 1.0000000000
9    815.0000000000 1.0000000000
9    153.0000000000 1.0000000000
9    795.0000000000 1.0000000000
9    855.0000000000 1.0000000000
9    328.0000000000 1.0000000000
9    214.0000000000 1.0000000000
9    922.0000000000 1.0000000000
9    766.0000000000 1.0000000000
9    284.0000000000 1.0000000000
