0    101.0000000000 1.0000000000
0    816.0000000000 0.4615274946
0    815.0000000000 0.3302654692
0    817.0000000000 0.1439395933
0    814.0000000000 0.0521637006
0    818.0000000000 0.0101294220
0    813.0000000000 0.0017983287
0    819.0000000000 0.0001626107
0    812.0000000000 0.0000133809
0    153.0000000000 1.0000000000
0    794.0000000000 0.4966423288
0    795.0000000000 0.2723208110
0    793.0000000000 0.1852270881
0    796.0000000000 0.0309032548
0    792.0000000000 0.0139583910
0    797.0000000000 0.0007344518
0    791.0000000000 0.0002099756
0    798.0000000000 0.0000036989
0    856.0000000000 0.4270269132
0    855.0000000000 0.3519761613
0    857.0000000000 0.1326429282
0    854.0000000000 0.0735689005
0    858.0000000000 0.0106496312
0    853.0000000000 0.0038619365
0    859.0000000000 0.0002231067
0    852.0000000000 0.0000504224
0    329.0000000000 0.9503738290
0    328.0000000000 0.0477507918
0    330.0000000000 0.0018753792
0    214.0000000000 0.9999572573
0    215.0000000000 0.0000328440
0    213.0000000000 0.0000098987
0    923.0000000000 0.4210757964
0    922.0000000000 0.3000273848
0    924.0000000000 0.1829138764
0    921.0000000000 0.0656638202
0    925.0000000000 0.0247811156
0    920.0000000000 0.0043803819
0    926.0000000000 0.0010550240
0    919.0000000000 0.0000883797
0    927.0000000000 0.0000142210
0    765.0000000000 0.4215652396
0    766.0000000000 0.4205313439
0    767.0000000000 0.0766482750
0    764.0000000000 0.0761890655
0    768.0000000000 0.0025866669
0    763.0000000000 0.0024492166
0    769.0000000000 0.0000163769
0    762.0000000000 0.0000138155
0    284.0000000000 0.9942144502
0    285.0000000000 0.0049764370
0    283.0000000000 0.0008091127
1    101.0000000000 1.0000000000
1    816.0000000000 0.5430022172
1    815.0000000000 0.3330190431
1    817.0000000000 0.0992224376
1    814.0000000000 0.0225213791
1    818.0000000000 0.0020647137
1    813.0000000000 0.0001652381
1    819.0000000000 0.0000049713
1    153.0000000000 1.0000000000
1    794.0000000000 0.5965867122
1    795.0000000000 0.2483698808
1    793.0000000000 0.1413652119
1    796.0000000000 0.0103798272
1    792.0000000000 0.0032469597
1    797.0000000000 0.0000443059
1    791.0000000000 0.0000071021
1    856.0000000000 0.4955788226
1    855.0000000000 0.3735787739
1    857.0000000000 0.0900223249
1    854.0000000000 0.0380261400
1    858.0000000000 0.0022705368
1    853.0000000000 0.0005153399
1    859.0000000000 0.0000080619
1    329.0000000000 0.9873469681
1    328.0000000000 0.0125413645
1    330.0000000000 0.0001116673
1    214.0000000000 1.0000000000
1    923.0000000000 0.5025975629
1    922.0000000000 0.3063336059
1    924.0000000000 0.1489362502
1    921.0000000000 0.0333483887
1    925.0000000000 0.0080603090
1    920.0000000000 0.0006411815
1    926.0000000000 0.0000805490
1    919.0000000000 0.0000021528
1    765.0000000000 0.4621763520
1    766.0000000000 0.4607995664
1    767.0000000000 0.0384512467
1    764.0000000000 0.0380469862
1    768.0000000000 0.0002737876
1    763.0000000000 0.0002520611
1    284.0000000000 0.9995292451
1    285.0000000000 0.0004398095
1    283.0000000000 0.0000309454
2    101.0000000000 1.0000000000
2    816.0000000000 0.6168967171
2    815.0000000000 0.3151531540
2    817.0000000000 0.0598430435
2    814.0000000000 0.0078038307
2    818.0000000000 0.0002940953
2    813.0000000000 0.0000091594
2    153.0000000000 1.0000000000
2    794.0000000000 0.6927509372
2    795.0000000000 0.2081249594
2    793.0000000000 0.0959206884
2    796.0000000000 0.0026640825
2    792.0000000000 0.0005393325
2    856.0000000000 0.5541697133
2    855.0000000000 0.3758095285
2    857.0000000000 0.0533218874
2    854.0000000000 0.0163131884
2    858.0000000000 0.0003412238
2    853.0000000000 0.0000444586
2    329.0000000000 0.9975145406
2    328.0000000000 0.0024854594
2    214.0000000000 1.0000000000
2    923.0000000000 0.5805152391
2    922.0000000000 0.2940685625
2    924.0000000000 0.1093561501
2    921.0000000000 0.0139988468
2    925.0000000000 0.0019959520
2    920.0000000000 0.0000616659
2    926.0000000000 0.0000035835
2    765.0000000000 0.4849996494
2    766.0000000000 0.4832526447
2    767.0000000000 0.0159834373
2    764.0000000000 0.0157301996
2    768.0000000000 0.0000180209
2    763.0000000000 0.0000160481
2    284.0000000000 0.9999753010
2    285.0000000000 0.0000246990
3    101.0000000000 1.0000000000
3    816.0000000000 0.6696316153
3    815.0000000000 0.2905179476
3    817.0000000000 0.0368715265
3    814.0000000000 0.0029290654
3    818.0000000000 0.0000498453
3    153.0000000000 1.0000000000
3    794.0000000000 0.7626722007
3    795.0000000000 0.1711505624
3    793.0000000000 0.0653125339
3    796.0000000000 0.0007603901
3    792.0000000000 0.0001043128
3    856.0000000000 0.5938088743
3    855.0000000000 0.3663383242
3    857.0000000000 0.0323666641
3    854.0000000000 0.0074205715
3    858.0000000000 0.0000607479
3    853.0000000000 0.0000048180
3    329.0000000000 0.9994197701
3    328.0000000000 0.0005802299
3    214.0000000000 1.0000000000
3    923.0000000000 0.6387409499
3    922.0000000000 0.2742269900
3    924.0000000000 0.0802408011
3    921.0000000000 0.0062298729
3    925.0000000000 0.0005540392
3    920.0000000000 0.0000073469
3    765.0000000000 0.4939888008
3    766.0000000000 0.4919342772
3    767.0000000000 0.0071116626
3    764.0000000000 0.0069652594
3    284.0000000000 1.0000000000
4    101.0000000000 1.0000000000
4    816.0000000000 0.7002855061
4    815.0000000000 0.2719460158
4    817.0000000000 0.0262629277
4    814.0000000000 0.0014907544
4    818.0000000000 0.0000147961
4    153.0000000000 1.0000000000
4    794.0000000000 0.8023174400
4    795.0000000000 0.1477274271
4    793.0000000000 0.0496011582
4    796.0000000000 0.0003202338
4    792.0000000000 0.0000337409
4    856.0000000000 0.6162626371
4    855.0000000000 0.3565635711
4    857.0000000000 0.0228477292
4    854.0000000000 0.0043073976
4    858.0000000000 0.0000186650
4    329.0000000000 0.9997838578
4    328.0000000000 0.0002161422
4    214.0000000000 1.0000000000
4    923.0000000000 0.6734803809
4    922.0000000000 0.2584556058
4    924.0000000000 0.0642790730
4    921.0000000000 0.0035553636
4    925.0000000000 0.0002295767
4    765.0000000000 0.4970949585
4    766.0000000000 0.4948398466
4    767.0000000000 0.0040811416
4    764.0000000000 0.0039840533
4    284.0000000000 1.0000000000
5    101.0000000000 1.0000000000
5    816.0000000000 0.7157715202
5    815.0000000000 0.2614774871
5    817.0000000000 0.0217192317
5    814.0000000000 0.0010242105
5    818.0000000000 0.0000075505
5    153.0000000000 1.0000000000
5    794.0000000000 0.8216896751
5    795.0000000000 0.1356523026
5    793.0000000000 0.0424420540
5    796.0000000000 0.0001979381
5    792.0000000000 0.0000180302
5    856.0000000000 0.6275355900
5    855.0000000000 0.3504610223
5    857.0000000000 0.0188102208
5    854.0000000000 0.0031834548
5    858.0000000000 0.0000097122
5    329.0000000000 0.9998746463
5    328.0000000000 0.0001253537
5    214.0000000000 1.0000000000
5    923.0000000000 0.6912187734
5    922.0000000000 0.2493450073
5    924.0000000000 0.0566945574
5    921.0000000000 0.0026008994
5    925.0000000000 0.0001407625
5    765.0000000000 0.4982195934
5    766.0000000000 0.4958556594
5    767.0000000000 0.0030007105
5    764.0000000000 0.0029240368
5    284.0000000000 1.0000000000
6    101.0000000000 1.0000000000
6    816.0000000000 0.7229976350
6    815.0000000000 0.2563594496
6    817.0000000000 0.0197851367
6    814.0000000000 0.0008523436
6    818.0000000000 0.0000054351
6    153.0000000000 1.0000000000
6    794.0000000000 0.8305275488
6    795.0000000000 0.1300044831
6    793.0000000000 0.0392983037
6    796.0000000000 0.0001563947
6    792.0000000000 0.0000132697
6    856.0000000000 0.6327959524
6    855.0000000000 0.3473514692
6    857.0000000000 0.0170998964
6    854.0000000000 0.0027456232
6    858.0000000000 0.0000070589
6    329.0000000000 0.9999038967
6    328.0000000000 0.0000961033
6    214.0000000000 1.0000000000
6    923.0000000000 0.6995289182
6    922.0000000000 0.2448405431
6    924.0000000000 0.0532882368
6    921.0000000000 0.0022314962
6    925.0000000000 0.0001108057
6    765.0000000000 0.4986602051
6    766.0000000000 0.4962435588
6    767.0000000000 0.0025822165
6    764.0000000000 0.0025140196
6    284.0000000000 1.0000000000
7    101.0000000000 1.0000000000
7    816.0000000000 0.7262393222
7    815.0000000000 0.2540170573
7    817.0000000000 0.0189554678
7    814.0000000000 0.0007834778
7    818.0000000000 0.0000046749
7    153.0000000000 1.0000000000
7    794.0000000000 0.8344454691
7    795.0000000000 0.1274725309
7    793.0000000000 0.0379300967
7    796.0000000000 0.0001403739
7    792.0000000000 0.0000115294
7    856.0000000000 0.6351576587
7    855.0000000000 0.3459028978
7    857.0000000000 0.0163678483
7    854.0000000000 0.0025654965
7    858.0000000000 0.0000060986
7    329.0000000000 0.9999149078
7    328.0000000000 0.0000850922
7    214.0000000000 1.0000000000
7    923.0000000000 0.7032624979
7    922.0000000000 0.2427685860
7    924.0000000000 0.0517896204
7    921.0000000000 0.0020800060
7    925.0000000000 0.0000992897
7    765.0000000000 0.4988421897
7    766.0000000000 0.4964014722
7    767.0000000000 0.0024104730
7    764.0000000000 0.0023458651
7    284.0000000000 1.0000000000
8    101.0000000000 1.0000000000
8    816.0000000000 0.7276672718
8    815.0000000000 0.2529762946
8    817.0000000000 0.0185974054
8    814.0000000000 0.0007546563
8    818.0000000000 0.0000043719
8    153.0000000000 1.0000000000
8    794.0000000000 0.8361616420
8    795.0000000000 0.1263579571
8    793.0000000000 0.0373357870
8    796.0000000000 0.0001337835
8    792.0000000000 0.0000108304
8    856.0000000000 0.6361985230
8    855.0000000000 0.3452543249
8    857.0000000000 0.0160522286
8    854.0000000000 0.0024892090
8    858.0000000000 0.0000057146
8    329.0000000000 0.9999193891
8    328.0000000000 0.0000806109
8    214.0000000000 1.0000000000
8    923.0000000000 0.7049081048
8    922.0000000000 0.2418459452
8    924.0000000000 0.0511354503
8    921.0000000000 0.0020159406
8    925.0000000000 0.0000945590
8    765.0000000000 0.4989194231
8    766.0000000000 0.4964680168
8    767.0000000000 0.0023378144
8    764.0000000000 0.0022747458
8    284.0000000000 1.0000000000
9    101.0000000000 1.0000000000
9    816.0000000000 0.7282911664
9    815.0000000000 0.2525198649
9    817.0000000000 0.0184423777
9    814.0000000000 0.0007423457
9    818.0000000000 0.0000042452
9    153.0000000000 1.0000000000
9    794.0000000000 0.8369095741
9    795.0000000000 0.1258711585
9    793.0000000000 0.0370777404
9    796.0000000000 0.0001309898
9    792.0000000000 0.0000105372
9    856.0000000000 0.6366534132
9    855.0000000000 0.3449689442
9    857.0000000000 0.0159156361
9    854.0000000000 0.0024564526
9    858.0000000000 0.0000055539
9    329.0000000000 0.9999212798
9    328.0000000000 0.0000787202
9    214.0000000000 1.0000000000
9    923.0000000000 0.7056272756
9    922.0000000000 0.2414409276
9    924.0000000000 0.0508507917
9    921.0000000000 0.0019884501
9    925.0000000000 0.0000925549
9    765.0000000000 0.4989526177
9    766.0000000000 0.4964965247
9    767.0000000000 0.0023066308
9    764.0000000000 0.0022442268
9    284.0000000000 1.0000000000
