159445.3125 674.411812 -55811.298 131729.2266 143064.6362
159445.9635 674.4090583 30153.23464 178225.8298 180758.5792
159446.6146 674.4063046 73885.45141 93448.20741 119128.617
159447.2656 674.403551 -26381.41314 54838.60541 60854.34744
159447.9167 674.4007974 -79040.80287 175360.1887 192350.3166
159448.5677 674.3980438 41375.69861 247356.5755 250793.1894
159449.2188 674.3952903 107173.8705 130540.2976 168899.4015
159449.8698 674.3925368 -42203.24667 77251.6859 88028.04669
159450.5208 674.3897832 -126944.6725 275261.2112 303123.2163
159451.1719 674.3870298 72879.29136 412580.922 418968.2665
159451.8229 674.3842763 197111.7924 227874.343 301296.8219
159452.474 674.3815228 -92362.38981 154455.4656 179964.724
159453.125 674.3787694 -287650.2047 685795.2389 743678.5259
159453.776 674.376016 357732.1505 1311036.284 1358965.941
159454.4271 674.3732626 1489927.649 987594.6072 1787519.932
159455.0781 674.3705093 1854981.364 -275226.3242 1875288.082
159455.7292 674.367756 1014894.532 -1223497.509 1589640.546
159456.3802 674.3650027 -17432.66641 -1032068.465 1032215.682
159457.0312 674.3622494 -226612.3318 -329505.0001 399908.3571
159457.6823 674.3594961 128686.4111 -100503.0533 163282.1365
159458.3333 674.3567429 230052.4796 -329096.152 401532.5897
159458.9844 674.3539896 -7592.346835 -383189.1988 383264.4071
159459.6354 674.3512364 -89375.30643 -163206.2391 186075.8498
159460.2865 674.3484833 72879.69972 -82101.86248 109782.3595
159460.9375 674.3457301 116479.1789 -219488.1675 248480.2905
159461.5885 674.342977 -34498.29469 -250216.8427 252583.8489
159462.2396 674.3402239 -85577.1472 -101179.9485 132517.2823
159462.8906 674.3374708 33900.77933 -41973.41022 53953.9619
159463.5417 674.3347177 75400.97152 -141671.6333 160487.2524
159464.1927 674.3319647 -28469.3388 -170476.8901 172837.7081
159464.8438 674.3292117 -63954.04807 -63456.55388 90093.58742
159465.4948 674.3264587 31647.13404 -21410.80078 38209.4685
159466.1458 674.3237057 68582.26137 -106200.7818 126420.4597
159466.7969 674.3209528 -15214.76171 -138885.5866 139716.4812
159467.4479 674.3181998 -51885.08302 -57435.81568 77401.12895
159468.099 674.3154469 19565.6005 -18939.1204 27230.55278
159468.75 674.3126941 51915.03986 -82424.62565 97411.44839
159469.401 674.3099412 -11240.64564 -109416.1926 109992.0694
159470.0521 674.3071884 -38914.62127 -46581.86226 60697.75647
159470.7031 674.3044355 19079.09291 -18800.26321 26785.47523
159471.3542 674.3016828 42763.57453 -73542.42452 85071.80209
159472.0052 674.29893 -13319.37634 -95037.72045 95966.52591
159472.6562 674.2961772 -37414.60549 -39287.03565 54252.40893
159473.3073 674.2934245 13199.92786 -14021.94404 19257.54424
159473.9583 674.2906718 34712.88497 -60569.78418 69811.76934
159474.6094 674.2879191 -12622.72717 -78685.34154 79691.38106
159475.2604 674.2851665 -31586.36944 -30214.87526 43710.83872
159475.9115 674.2824138 14649.8326 -9857.83251 17657.70248
159476.5625 674.2796612 33667.46619 -53540.19895 63245.95785
159477.2135 674.2769086 -9880.084846 -71166.53164 71849.087
159477.8646 674.2741561 -28344.07071 -27889.60153 39764.50952