MUDPIT_ESI
NRAW 1010
NINPUTS 5
NH1 25
NCLASSES 2
FEATURES  161    197    313    823    788
MEANS    2.318510e+00   2.137330e-01   7.025440e-02   6.352420e+00 
   1.106240e+01 
SDEVS  6.613420e-01   9.582820e-02   1.338730e-01   5.060050e-01 
   4.549470e+00 
xH1 
	  1.422760e+00   2.465570e-01   2.474380e+00  -4.941440e-01 
   3.650960e+00  -1.726920e-01 
	  5.287450e-01   5.857940e-01   7.450250e-01  -7.658540e-01 
  -4.155860e-01  -1.274660e+00 
	  3.226640e-01  -1.243870e-01   3.903830e+00   3.393960e-01 
  -7.682980e-01  -1.327430e+00 
	 -1.580420e-02  -2.943260e-01  -1.802090e+00   2.366500e+00 
  -5.600290e+00  -2.303300e+00 
	 -5.409660e-01  -6.661470e-01  -7.667080e-01   1.040690e+00 
   2.453920e-01  -1.958760e+00 
	  6.035760e-01   8.067470e-01   9.276670e-01  -1.284820e+00 
  -8.521060e-01  -1.509530e+00 
	  8.052130e-01   9.326160e-01   1.129410e+00  -1.673070e+00 
  -6.980190e-01  -1.296970e+00 
	  2.552000e+00   1.344100e+00   6.378970e-01  -2.239990e+00 
   1.873720e+00  -2.014670e+00 
	 -1.201390e+00  -3.263020e+00  -1.009100e+00   1.062780e+00 
  -4.505950e-01  -4.156420e+00 
	  7.832110e-01   8.411100e-01   7.234330e-01  -1.353440e+00 
  -8.546820e-01  -1.623290e+00 
	  4.564140e-02   6.391400e-01   1.289130e+00  -7.815960e-01 
  -1.001750e+00  -1.471780e+00 
	  1.960980e-01   4.215080e-01   1.715670e+00  -9.993270e-01 
  -2.652760e-01  -1.131830e+00 
	 -3.424600e-01  -4.317700e-02  -6.337260e-01   1.223840e+00 
   3.570750e-01  -1.550390e+00 
	  7.975140e-01   1.002490e+00   1.242000e+00  -1.900990e+00 
  -8.646660e-01  -1.431510e+00 
	  5.902900e-01   9.018560e-01   4.461050e-01   5.619160e-01 
   5.110880e-01  -1.107170e+00 
	  1.650250e+00  -1.527060e-01   2.379470e+00  -8.858820e-01 
   4.253060e+00   6.867620e-02 
	  1.323470e+00  -3.534890e-01   3.748450e+00  -2.760500e-02 
   2.690940e+00  -7.067990e-01 
	  9.448470e-01   9.398550e-01   9.448600e-01  -1.660320e+00 
  -6.280030e-01  -1.383090e+00 
	  4.444390e-01   6.960650e-01   1.062030e+00  -1.115140e+00 
  -8.044330e-01  -1.451000e+00 
	  4.785620e-01   7.267410e-01   5.068120e-01   4.151090e-01 
   4.236570e-01  -1.136330e+00 
	  5.351810e-01  -2.148080e-01   2.657140e+00  -2.851510e-01 
   1.317870e+00  -1.000620e+00 
	  3.573060e-01   8.838790e-01   1.374890e+00  -1.453870e+00 
  -1.033170e+00  -1.617760e+00 
	 -6.505220e-01  -3.306890e+00  -8.379360e-01   1.239460e+00 
  -3.999940e-01  -3.689840e+00 
	 -1.174760e+00  -2.470730e+00  -1.248430e+00   1.220980e+00 
  -2.492250e-01  -3.510490e+00 
	  3.412580e-01   1.952500e+00   4.855640e-02   1.461230e+00 
   1.182740e+00  -1.065530e+00 
	  2.789170e-02   5.194700e-02  -8.130390e-02  -7.301950e-02 
   4.042020e-03  -8.435360e-02 
H1y
	 -1.303540e+00  -4.551370e-01  -1.510110e+00   2.112880e+00 
   4.141910e-01  -6.303490e-01  -7.479050e-01  -1.246280e+00 
   1.368250e+00  -6.984290e-01  -6.818150e-01  -6.087510e-01 
   3.620780e-01  -8.146150e-01   4.599840e-01  -1.477370e+00 
  -1.880260e+00  -6.019250e-01  -5.939000e-01   2.325130e-01 
  -9.279700e-01  -8.125020e-01   1.226690e+00   1.048790e+00 
   1.370180e+00   4.117180e-01 
	  1.283050e+00   3.611060e-01   1.489330e+00  -2.117390e+00 
  -4.366950e-01   6.971850e-01   5.974830e-01   1.253240e+00 
  -1.358250e+00   6.742150e-01   7.571250e-01   5.371970e-01 
  -3.783420e-01   7.431030e-01  -3.215780e-01   1.490730e+00 
   1.890200e+00   7.276200e-01   6.694490e-01  -2.535100e-01 
   9.426790e-01   8.406460e-01  -1.212500e+00  -1.072600e+00 
  -1.436120e+00  -4.000810e-01 
	  7.778970e-02  -8.460110e-02   2.994140e-02  -5.039120e-02 
   2.589590e-02  -5.417260e-02   4.012400e-02  -3.662660e-02 
  -3.424460e-02  -5.371440e-02  -8.516780e-02   2.661440e-02 
  -5.526870e-02   3.022640e-02   2.137200e-03   9.429310e-02 
  -4.399160e-02   9.221370e-03   4.385370e-02  -7.734390e-02 
  -5.703310e-03   1.850800e-02   8.886360e-02  -9.816490e-03 
  -3.272980e-02   6.953690e-02 
