MUDPIT_ICAT
NRAW 1010
NINPUTS 5
NH1 25
NCLASSES 2
FEATURES 8    160    196    510   1006 
MEANS    5.147180e-01   4.696190e+01   4.063580e+00   3.302520e+02 
   6.362510e+02
SDEVS   7.265700e-01   1.399490e+01   1.350640e+00   1.105130e+02 
   3.010530e+02
xH1 
	 -1.239370e+00   1.305730e+00   2.664790e+00  -3.292610e-02 
   4.146290e+00   4.247930e+00 
	 -4.186580e-01   6.154330e-01   1.228520e+00   2.404400e-01 
   4.802690e-01  -1.591000e+00 
	  1.284060e-02  -8.614720e-02   2.356820e+00  -4.831900e-01 
   2.070360e+00  -1.804920e+00 
	  2.614550e+00  -1.168230e+00  -5.483420e+00   2.691280e+00 
   1.993400e+00  -1.506720e+00 
	  1.893410e+00  -4.332510e-01  -1.487770e+00   3.986350e-01 
  -2.977910e-01  -3.875200e+00 
	 -3.817560e-01   4.585480e-01   1.562120e+00  -3.739430e-02 
   3.588350e-01  -1.512000e+00 
	 -5.936900e-01   4.117960e-01   1.053880e+00   9.259240e-02 
   1.543720e+00  -1.916320e+00 
	 -5.048670e-01  -2.890680e-02   1.520810e+00  -1.132490e-01 
   1.871300e+00  -1.508460e+00 
	  1.237080e+00   9.185090e-02  -7.266720e-01   1.726490e-01 
  -2.053640e-01  -2.699570e+00 
	  7.459570e-01   2.542470e-01  -1.995350e-01   4.503270e-02 
  -9.689970e-02  -2.227780e+00 
	 -5.583360e-01  -5.865340e-01   2.985800e+00   4.156410e-01 
  -1.838690e+00  -2.800150e+00 
	 -3.171680e-01   6.792140e-02   8.105510e-01  -1.723590e+00 
   2.920260e+00  -2.461040e+00 
	  8.485690e-01   2.154430e-01  -3.111520e-01   1.017230e-01 
  -1.477630e-01  -2.301190e+00 
	 -5.911410e-01  -6.297350e-01   2.371900e+00  -2.527250e+00 
  -1.576880e+00  -5.944010e+00 
	  3.613720e+00   3.313250e-01  -1.304980e+00   3.571790e-01 
   5.593900e-02  -2.688970e+00 
	 -7.420720e-01  -5.893450e-02   1.629890e+00   1.372500e+00 
   1.725790e+00  -6.033780e-01 
	  1.261030e+00   1.150070e-01   3.970180e+00  -3.562600e-01 
   2.100550e+00  -2.289820e+00 
	 -2.989230e-01   7.171870e-01   7.759060e-01   3.327880e-01 
   2.451380e-01  -1.706620e+00 
	 -3.036220e-01  -2.020380e-01   1.932240e+00  -5.825660e-01 
  -6.196420e-01  -2.234590e+00 
	 -3.930380e-01   3.802700e-01   1.587060e+00   1.374100e-01 
   2.770770e-02  -1.550020e+00 
	 -7.482550e-01  -1.102050e+00   4.630160e-01  -2.740330e+00 
   4.092460e+00  -3.712180e+00 
	 -7.451960e-01  -5.457140e-01   2.355810e+00  -1.881110e+00 
  -2.121270e+00  -5.717570e+00 
	  1.859200e+00   4.448540e-01  -5.155050e+00   2.320590e+00 
  -4.141370e-01  -3.778760e+00 
	  2.128800e+00  -3.569310e-01  -1.846360e+00   3.892600e-01 
  -3.453440e-01  -4.144710e+00 
	 -3.709470e-01   5.879610e-01   9.118910e-01   4.186850e-01 
   2.830210e-01  -1.673310e+00 
	  2.789170e-02   5.194700e-02  -8.130390e-02  -7.301950e-02 
   4.042020e-03  -8.435360e-02 
H1y
	 -1.645950e+00  -3.240410e-01  -6.691180e-01   9.278530e-01 
   1.078950e+00  -1.378390e-01  -6.122150e-01  -4.368190e-01 
   5.671770e-01   2.696460e-01  -9.792040e-01  -1.084090e+00 
   3.070820e-01  -1.465580e+00   1.318140e+00  -8.096370e-01 
  -1.636240e+00  -2.122120e-01  -3.619200e-01  -2.345400e-01 
  -1.562400e+00  -1.406270e+00   8.001790e-01   1.232230e+00 
  -3.664370e-01   3.438470e-01 
	  1.645810e+00   2.688730e-01   7.036790e-01  -9.272530e-01 
  -1.095990e+00   2.091640e-01   5.454200e-01   4.782700e-01 
  -5.013650e-01  -3.024420e-01   9.697510e-01   1.056260e+00 
  -3.553900e-01   1.432540e+00  -1.318590e+00   8.179340e-01 
   1.621310e+00   3.740010e-01   3.959290e-01   1.684930e-01 
   1.571170e+00   1.432560e+00  -7.974320e-01  -1.232850e+00 
   2.655270e-01  -3.442430e-01 
	  7.778970e-02  -8.460110e-02   2.994140e-02  -5.039120e-02 
   2.589590e-02  -5.417260e-02   4.012400e-02  -3.662660e-02 
  -3.424460e-02  -5.371440e-02  -8.516780e-02   2.661440e-02 
  -5.526870e-02   3.022640e-02   2.137200e-03   9.429310e-02 
  -4.399160e-02   9.221370e-03   4.385370e-02  -7.734390e-02 
  -5.703310e-03   1.850800e-02   8.886360e-02  -9.816490e-03 
  -3.272980e-02   6.953690e-02 
