PAGE_MALDI
NRAW 1010
NINPUTS 5
NH1 25
NCLASSES 2
FEATURES  8    196    197    787    877
MEANS    3.367830e-01   3.781260e+00   2.306190e-01   8.349500e-01 
   8.018340e-01
SDEVS   6.033800e-01   1.289440e+00   1.012920e-01   3.477380e-02 
   5.382990e-03 
xH1 
	  6.371930e-01  -3.301120e-01   1.359880e-01   4.101770e+00 
   1.205360e+00  -4.222130e+00 
	 -2.824050e-01   9.058520e-01   1.679870e-01   1.676960e-01 
  -3.657280e-02  -2.258180e+00 
	 -1.277170e+00  -2.533020e+00   2.967780e+00   7.940980e-01 
   8.309670e-01  -4.861580e+00 
	  2.597860e+00  -5.716960e+00   3.420400e-02   1.124580e-01 
  -1.652020e-01  -5.651240e+00 
	  6.997390e-01  -2.211390e+00   1.456670e-01  -7.303900e-01 
   1.421260e-01  -3.375460e+00 
	 -2.541260e-01   6.215040e-01   2.960510e-01   1.881510e-01 
   7.950470e-02  -2.264760e+00 
	 -1.395950e+00   4.682560e+00  -4.085990e+00  -1.134280e+00 
  -2.130930e+00  -4.011190e+00 
	 -1.910410e-01   4.916500e+00  -9.752550e+00  -5.447370e-01 
   5.747190e-01  -1.006310e+01 
	  6.233050e-01  -1.204160e+00   1.215680e-01  -1.555130e-01 
   5.324550e-02  -2.855370e+00 
	  5.673470e-01  -1.032100e+00   1.210770e-01  -1.025440e-01 
   7.142590e-02  -2.788390e+00 
	 -3.584890e-01   1.775350e+00   1.378680e-01  -5.464990e-02 
  -5.797630e-01  -2.482360e+00 
	 -3.487840e+00   8.917690e+00  -3.290440e+00  -1.472380e+00 
  -8.010480e-01  -3.181740e+00 
	  7.550700e-01  -2.312810e+00   1.479000e-01  -7.261880e-01 
   1.427100e-01  -3.402950e+00 
	 -2.314110e-01   5.071900e-01   3.583920e-01   2.002640e-01 
   9.428580e-02  -2.270570e+00 
	  2.844360e+00  -3.169390e+00   7.325520e-02  -2.611310e-01 
   4.473470e-02  -3.487770e+00 
	 -9.955290e-01   5.413520e-01   2.512840e+00   2.636820e+00 
  -1.791470e+00  -2.500500e+00 
	 -2.919150e+00   3.823110e+00   4.858810e+00   1.329770e+00 
   2.280650e+00  -2.000660e+00 
	 -1.790790e-01   4.644990e-01   2.529570e-01   2.199800e-01 
   1.353170e-01  -2.284430e+00 
	  2.185120e-01  -3.093480e-01   1.936680e-01   1.139300e-01 
   1.407960e-01  -2.483460e+00 
	  3.060380e-02   5.707250e-04   2.640450e-01   1.904210e-01 
   1.457730e-01  -2.372520e+00 
	 -6.262740e-01  -2.382830e-02   1.022550e+00   6.392960e-01 
   5.832440e-01  -2.562310e+00 
	 -2.276860e-01   4.881710e-01   3.651850e-01   2.114710e-01 
   7.941060e-02  -2.281090e+00 
	  2.317510e+00  -5.097800e+00   4.476760e-02   3.141280e-02 
  -1.175780e-01  -5.229320e+00 
	  7.086520e-01  -1.755720e+00   1.135250e-01  -4.380650e-01 
   4.358840e-02  -3.110440e+00 
	  7.701700e-01  -1.611900e+00   1.233490e-01  -2.586310e-01 
   4.035940e-02  -2.999660e+00 
	  2.789170e-02   5.194700e-02  -8.130390e-02  -7.301950e-02 
   4.042020e-03  -8.435360e-02 
H1y
	 -1.437230e+00  -2.012620e-01  -2.037510e+00   2.817340e+00 
   5.381560e-01  -2.022870e-02  -1.502100e+00  -4.304460e+00 
   2.411680e-01   1.539990e-01  -4.805910e-01  -2.306550e+00 
   5.339540e-01  -6.839400e-02   6.042500e-01  -9.731020e-01 
  -1.307540e+00   1.619840e-02   7.295330e-02  -2.784320e-02 
  -2.775910e-01  -8.201450e-03   2.280260e+00   3.768600e-01 
   2.115660e-01   1.093020e+00 
	  1.437680e+00   7.000540e-02   2.040340e+00  -2.873960e+00 
  -5.281780e-01   6.481340e-02   1.499500e+00   4.304180e+00 
  -1.633200e-01  -1.789570e-01   5.180990e-01   2.306980e+00 
  -5.483220e-01  -3.063030e-02  -6.076190e-01   9.733310e-01 
   1.311220e+00   7.619080e-02  -6.345920e-03  -4.162090e-02 
   2.717110e-01   2.780250e-02  -2.198660e+00  -3.394490e-01 
  -3.456050e-01  -1.086710e+00 
	  7.778970e-02  -8.460110e-02   2.994140e-02  -5.039120e-02 
   2.589590e-02  -5.417260e-02   4.012400e-02  -3.662660e-02 
  -3.424460e-02  -5.371440e-02  -8.516780e-02   2.661440e-02 
  -5.526870e-02   3.022640e-02   2.137200e-03   9.429310e-02 
  -4.399160e-02   9.221370e-03   4.385370e-02  -7.734390e-02 
  -5.703310e-03   1.850800e-02   8.886360e-02  -9.816490e-03 
  -3.272980e-02   6.953690e-02 
